Name,Symbol,Date,Open,High,Low,Close,Adj Close,Volume
Grid+ USD,GRID-USD,2017-11-09,0.8582429885864258,1.0112500190734863,0.7405959963798523,0.8654559850692749,0.8654559850692749,246511
Grid+ USD,GRID-USD,2017-11-10,0.8658649921417236,0.969380021095276,0.8147979974746704,0.8881279826164246,0.8881279826164246,131924
Grid+ USD,GRID-USD,2017-11-11,0.885578989982605,0.9471269845962524,0.8305240273475647,0.8839719891548157,0.8839719891548157,178063
Grid+ USD,GRID-USD,2017-11-12,0.88407301902771,0.9429380297660828,0.7971280217170715,0.797249972820282,0.797249972820282,87715
Grid+ USD,GRID-USD,2017-11-13,0.7985169887542725,0.9243890047073364,0.7656450271606445,0.9136459827423096,0.9136459827423096,24674
Grid+ USD,GRID-USD,2017-11-14,0.9136059880256652,0.9442809820175172,0.8501759767532349,0.9208369851112366,0.9208369851112366,27252
Grid+ USD,GRID-USD,2017-11-15,0.9213380217552184,0.925952970981598,0.827314019203186,0.8908489942550659,0.8908489942550659,46352
Grid+ USD,GRID-USD,2017-11-16,0.8901519775390625,0.9182080030441284,0.7891659736633301,0.8879650235176086,0.8879650235176086,13725
Grid+ USD,GRID-USD,2017-11-17,0.8262979984283447,0.8977029919624329,0.8209949731826782,0.8468030095100403,0.8468030095100403,35710
Grid+ USD,GRID-USD,2017-11-18,0.841152012348175,1.0191600322723389,0.7982900142669678,0.9276729822158812,0.9276729822158812,14879
Grid+ USD,GRID-USD,2017-11-19,0.9252769947052002,0.950294017791748,0.7156929969787598,0.9327210187911988,0.9327210187911988,69994
Grid+ USD,GRID-USD,2017-11-20,0.9317190051078796,1.000789999961853,0.7789499759674072,0.8740429878234863,0.8740429878234863,20993
Grid+ USD,GRID-USD,2017-11-21,0.8726670145988464,0.894182026386261,0.7633770108222961,0.8431090116500854,0.8431090116500854,29978
Grid+ USD,GRID-USD,2017-11-22,0.844186007976532,0.8618170022964478,0.5850819945335388,0.823639988899231,0.823639988899231,65536
Grid+ USD,GRID-USD,2017-11-23,0.8255339860916138,0.9709089994430542,0.7273659706115723,0.8391410112380981,0.8391410112380981,38638
Grid+ USD,GRID-USD,2017-11-24,0.834941029548645,0.9410039782524108,0.772301971912384,0.7965369820594788,0.7965369820594788,162340
Grid+ USD,GRID-USD,2017-11-25,0.7964059710502625,0.9033719897270204,0.7199289798736572,0.8302519917488098,0.8302519917488098,48188
Grid+ USD,GRID-USD,2017-11-26,0.8302789926528931,1.181089997291565,0.7223209738731384,1.181089997291565,1.181089997291565,165312
Grid+ USD,GRID-USD,2017-11-27,1.1807899475097656,1.2919199466705322,0.9367210268974304,1.1583600044250488,1.1583600044250488,217508
Grid+ USD,GRID-USD,2017-11-28,1.1567699909210205,1.1835099458694458,0.9720379710197448,1.003730058670044,1.003730058670044,69544
Grid+ USD,GRID-USD,2017-11-29,1.004539966583252,1.0865999460220337,0.7230960130691528,0.7247819900512695,0.7247819900512695,60196
Grid+ USD,GRID-USD,2017-11-30,0.7340630292892456,0.9645450115203856,0.7330589890480042,0.9184290170669556,0.9184290170669556,37927
Grid+ USD,GRID-USD,2017-12-01,0.9161509871482848,0.9744639992713928,0.7833989858627319,0.9144719839096068,0.9144719839096068,26361
Grid+ USD,GRID-USD,2017-12-02,0.9144459962844848,0.9220579862594604,0.7343699932098389,0.84197998046875,0.84197998046875,18080
Grid+ USD,GRID-USD,2017-12-03,0.8422639966011047,0.8987399935722351,0.7850610017776489,0.8550599813461304,0.8550599813461304,20839
Grid+ USD,GRID-USD,2017-12-04,0.887732982635498,0.942995011806488,0.830016016960144,0.8856819868087769,0.8856819868087769,12898
Grid+ USD,GRID-USD,2017-12-05,0.886135995388031,0.8885120153427124,0.8469250202178955,0.8490409851074219,0.8490409851074219,17959
Grid+ USD,GRID-USD,2017-12-06,0.8475499749183655,0.8495039939880371,0.7281039953231812,0.783204972743988,0.783204972743988,18410
Grid+ USD,GRID-USD,2017-12-07,0.7804830074310303,0.803650975227356,0.6755819916725159,0.7383840084075928,0.7383840084075928,45331
Grid+ USD,GRID-USD,2017-12-08,0.7394570112228394,0.8161119818687439,0.6569259762763977,0.7919189929962158,0.7919189929962158,13320
Grid+ USD,GRID-USD,2017-12-09,0.7918990254402161,0.8738420009613037,0.6920099854469299,0.7989590167999268,0.7989590167999268,30996
Grid+ USD,GRID-USD,2017-12-10,0.801522970199585,0.801522970199585,0.6041659712791443,0.6384490132331848,0.6384490132331848,26924
Grid+ USD,GRID-USD,2017-12-11,0.6350209712982178,0.8487949967384338,0.5879830121994019,0.8487949967384338,0.8487949967384338,52817
Grid+ USD,GRID-USD,2017-12-12,0.8433520197868347,0.9841600060462952,0.6886429786682129,0.977192997932434,0.977192997932434,57652
Grid+ USD,GRID-USD,2017-12-13,0.9778620004653932,1.006749987602234,0.7407990097999573,0.8068569898605347,0.8068569898605347,66967
Grid+ USD,GRID-USD,2017-12-14,0.8064370155334473,0.8645420074462891,0.6832780241966248,0.7977280020713806,0.7977280020713806,32187
Grid+ USD,GRID-USD,2017-12-15,0.6960790157318115,0.9734879732131958,0.6960790157318115,0.8671380281448364,0.8671380281448364,29762
Grid+ USD,GRID-USD,2017-12-16,0.8743939995765686,0.9329119920730592,0.7037379741668701,0.793254017829895,0.793254017829895,11402
Grid+ USD,GRID-USD,2017-12-17,0.8027819991111755,1.0021799802780151,0.7584069967269897,0.8650720119476318,0.8650720119476318,63961
Grid+ USD,GRID-USD,2017-12-18,0.8639349937438965,0.9951090216636658,0.7557290196418762,0.8553249835968018,0.8553249835968018,46286
Grid+ USD,GRID-USD,2017-12-19,0.8527470231056213,0.9629999995231628,0.7624729871749878,0.9330800175666808,0.9330800175666808,218191
Grid+ USD,GRID-USD,2017-12-20,0.932079017162323,0.9428859949111938,0.8222650289535522,0.9094740152359008,0.9094740152359008,32159
Grid+ USD,GRID-USD,2017-12-21,0.9104459881782532,0.9572790265083312,0.7654479742050171,0.788677990436554,0.788677990436554,2619
Grid+ USD,GRID-USD,2017-12-22,0.7916659712791443,0.9110119938850404,0.6389600038528442,0.8487809896469116,0.8487809896469116,13764
Grid+ USD,GRID-USD,2017-12-23,0.855774998664856,0.8856139779090881,0.6221830248832703,0.8021360039710999,0.8021360039710999,20573
Grid+ USD,GRID-USD,2017-12-24,0.8116229772567749,0.8991739749908447,0.7245380282402039,0.7610359787940979,0.7610359787940979,41984
Grid+ USD,GRID-USD,2017-12-25,0.7647889852523804,0.9721130132675172,0.7647889852523804,0.9431650042533876,0.9431650042533876,9880
Grid+ USD,GRID-USD,2017-12-26,0.9435110092163086,0.9830809831619264,0.8902069926261902,0.9748719930648804,0.9748719930648804,23292
Grid+ USD,GRID-USD,2017-12-27,0.9647619724273682,0.9896780252456664,0.6713910102844238,0.910735011100769,0.910735011100769,42811
Grid+ USD,GRID-USD,2017-12-28,0.9092249870300292,0.9106429815292358,0.6813589930534363,0.7930690050125122,0.7930690050125122,47290
Grid+ USD,GRID-USD,2017-12-29,0.797851026058197,1.469789981842041,0.76078200340271,0.8914539813995361,0.8914539813995361,27821
Grid+ USD,GRID-USD,2017-12-30,0.8911460041999817,1.1829500198364258,0.8481320142745972,1.035789966583252,1.035789966583252,52463
Grid+ USD,GRID-USD,2017-12-31,1.0267499685287476,1.0680999755859375,0.8425930142402649,1.057420015335083,1.057420015335083,35389
Grid+ USD,GRID-USD,2018-01-01,1.056079983711243,1.1307200193405151,0.8293250203132629,0.9410629868507384,0.9410629868507384,268844
Grid+ USD,GRID-USD,2018-01-02,0.9432590007781982,1.0921800136566162,0.9123520255088806,1.0376499891281128,1.0376499891281128,165366
Grid+ USD,GRID-USD,2018-01-03,1.0424699783325195,1.4021199941635132,0.952114999294281,1.1718499660491943,1.1718499660491943,245732
Grid+ USD,GRID-USD,2018-01-04,1.1737200021743774,1.5760799646377563,1.1319500207901,1.5663700103759766,1.5663700103759766,338300
Grid+ USD,GRID-USD,2018-01-05,1.4851800203323364,2.3979198932647705,1.47707998752594,2.313430070877075,2.313430070877075,137404
Grid+ USD,GRID-USD,2018-01-06,2.3246500492095947,2.6458499431610107,2.035399913787842,2.6414499282836914,2.6414499282836914,326770
Grid+ USD,GRID-USD,2018-01-07,2.640399932861328,2.8236000537872314,2.3296000957489014,2.6537299156188965,2.6537299156188965,196995
Grid+ USD,GRID-USD,2018-01-08,2.677819967269897,3.119539976119995,2.1142399311065674,2.620699882507324,2.620699882507324,88997
Grid+ USD,GRID-USD,2018-01-09,2.6132500171661377,2.985990047454834,2.5583200454711914,2.950360059738159,2.950360059738159,80436
Grid+ USD,GRID-USD,2018-01-10,2.859220027923584,3.108599901199341,2.524739980697632,2.597630023956299,2.597630023956299,105450
Grid+ USD,GRID-USD,2018-01-11,2.59175992012024,2.928380012512207,2.0858700275421143,2.48498010635376,2.48498010635376,33393
Grid+ USD,GRID-USD,2018-01-12,2.513580083847046,2.7859199047088623,2.39490008354187,2.527009963989258,2.527009963989258,98984
Grid+ USD,GRID-USD,2018-01-13,2.526710033416748,3.2298800945281982,2.526710033416748,2.9115800857543945,2.9115800857543945,116541
Grid+ USD,GRID-USD,2018-01-14,2.9143099784851074,3.1115200519561768,2.6624701023101807,2.806849956512451,2.806849956512451,56024
Grid+ USD,GRID-USD,2018-01-15,2.8062400817871094,2.848560094833374,1.692929983139038,1.9135199785232544,1.9135199785232544,36163
Grid+ USD,GRID-USD,2018-01-16,1.917359948158264,1.9219000339508057,1.5240700244903564,1.691849946975708,1.691849946975708,31974
Grid+ USD,GRID-USD,2018-01-17,1.6561299562454224,1.9904099702835083,1.4334900379180908,1.872599959373474,1.872599959373474,9534
Grid+ USD,GRID-USD,2018-01-18,1.89368999004364,1.9720499515533447,1.7358499765396118,1.8503299951553345,1.8503299951553345,62967
Grid+ USD,GRID-USD,2018-01-19,1.8365999460220337,2.1578800678253174,1.70933997631073,1.9496500492095947,1.9496500492095947,38916
Grid+ USD,GRID-USD,2018-01-20,1.9622100591659544,2.1539900302886963,1.7434799671173096,1.8395299911499023,1.8395299911499023,5450
Grid+ USD,GRID-USD,2018-01-21,1.8435100317001345,2.050529956817627,1.6319799423217771,1.8063499927520752,1.8063499927520752,27279
Grid+ USD,GRID-USD,2018-01-22,1.814880013465881,1.894269943237305,1.422760009765625,1.723140001296997,1.723140001296997,42913
Grid+ USD,GRID-USD,2018-01-23,1.7200000286102295,1.7761199474334717,1.256440043449402,1.6907199621200562,1.6907199621200562,74276
Grid+ USD,GRID-USD,2018-01-24,1.691230058670044,1.8039000034332275,1.6216200590133667,1.77701997756958,1.77701997756958,23071
Grid+ USD,GRID-USD,2018-01-25,1.7900899648666382,1.853530049324036,1.4242000579833984,1.733309984207153,1.733309984207153,7041
Grid+ USD,GRID-USD,2018-01-26,1.7272800207138062,1.7921799421310425,1.4905799627304075,1.7351399660110474,1.7351399660110474,19404
Grid+ USD,GRID-USD,2018-01-27,1.7352700233459473,1.8493800163269043,1.56482994556427,1.8145500421524048,1.8145500421524048,13970
Grid+ USD,GRID-USD,2018-01-28,1.8273099660873413,2.0136499404907227,1.3766800165176392,2.003340005874634,2.003340005874634,50772
Grid+ USD,GRID-USD,2018-01-29,1.992799997329712,2.006089925765991,1.4734899997711182,1.779710054397583,1.779710054397583,14573
Grid+ USD,GRID-USD,2018-01-30,1.780500054359436,1.780500054359436,1.3547500371932983,1.594849944114685,1.594849944114685,28948
Grid+ USD,GRID-USD,2018-01-31,1.6003600358963013,1.652899980545044,1.328570008277893,1.652899980545044,1.652899980545044,35548
Grid+ USD,GRID-USD,2018-02-01,1.6560499668121338,1.7244700193405151,1.238569974899292,1.3379900455474854,1.3379900455474854,14482
Grid+ USD,GRID-USD,2018-02-02,1.3332699537277222,1.4447100162506104,1.1164000034332275,1.3540199995040894,1.3540199995040894,40297
Grid+ USD,GRID-USD,2018-02-03,1.360569953918457,1.415719985961914,1.1970900297164917,1.3563899993896484,1.3563899993896484,23705
Grid+ USD,GRID-USD,2018-02-04,1.3559800386428833,1.3616600036621094,1.0024399757385254,1.1485600471496582,1.1485600471496582,112865
Grid+ USD,GRID-USD,2018-02-05,1.13742995262146,1.17576003074646,0.8152139782905579,0.8836230039596558,0.8836230039596558,18631
Grid+ USD,GRID-USD,2018-02-06,0.886771023273468,1.0992499589920044,0.7250279784202576,1.0292400121688845,1.0292400121688845,30077
Grid+ USD,GRID-USD,2018-02-07,1.0281599760055542,1.1794400215148926,0.9358059763908386,0.9378060102462769,0.9378060102462769,27246
Grid+ USD,GRID-USD,2018-02-08,0.9450139999389648,1.1549400091171265,0.9450139999389648,1.0258400440216064,1.0258400440216064,8816
Grid+ USD,GRID-USD,2018-02-09,1.0271199941635132,1.1092400550842283,0.9903420209884644,1.1069799661636353,1.1069799661636353,262
Grid+ USD,GRID-USD,2018-02-10,1.106600046157837,1.1463700532913208,1.0417799949645996,1.0630899667739868,1.0630899667739868,251
Grid+ USD,GRID-USD,2018-02-21,0.756301999092102,0.7949270009994507,0.7066900134086609,0.7232270240783691,0.7232270240783691,39081
Grid+ USD,GRID-USD,2018-02-22,0.722029983997345,0.739192008972168,0.6332939863204956,0.6850910186767578,0.6850910186767578,9774
Grid+ USD,GRID-USD,2018-02-23,0.6842470169067383,0.8394709825515747,0.6306790113449097,0.8394709825515747,0.8394709825515747,7283
Grid+ USD,GRID-USD,2018-02-24,0.8387600183486938,0.8535240292549133,0.7302730083465576,0.7507519721984863,0.7507519721984863,661
Grid+ USD,GRID-USD,2018-02-25,0.7489929795265198,0.7560809850692749,0.6720460057258606,0.6831120252609253,0.6831120252609253,4883
Grid+ USD,GRID-USD,2018-02-26,0.683559000492096,0.7782629728317261,0.683559000492096,0.7082229852676392,0.7082229852676392,8369
Grid+ USD,GRID-USD,2018-02-27,0.7101699709892273,0.8906069993972778,0.7101699709892273,0.8576570153236389,0.8576570153236389,7597
Grid+ USD,GRID-USD,2018-02-28,0.8579660058021545,0.8775990009307861,0.7008649706840515,0.700901985168457,0.700901985168457,23561
Grid+ USD,GRID-USD,2018-03-01,0.7011250257492065,0.8521050214767456,0.648501992225647,0.8520740270614624,0.8520740270614624,31068
Grid+ USD,GRID-USD,2018-03-02,0.851830005645752,0.8568050265312195,0.763899028301239,0.7692369818687439,0.7692369818687439,9798
Grid+ USD,GRID-USD,2018-03-03,0.7686330080032349,0.7705829739570618,0.6909850239753723,0.6925399899482727,0.6925399899482727,4440
Grid+ USD,GRID-USD,2018-03-04,0.6924359798431396,0.853950023651123,0.6480370163917542,0.6497560143470764,0.6497560143470764,13628
Grid+ USD,GRID-USD,2018-03-05,0.6499459743499756,0.9562129974365234,0.648177981376648,0.7242990136146545,0.7242990136146545,6064
Grid+ USD,GRID-USD,2018-03-06,0.7241529822349548,0.9358140230178832,0.7022929787635803,0.7968440055847168,0.7968440055847168,4340
Grid+ USD,GRID-USD,2018-03-07,0.6959480047225952,0.8033350110054016,0.5892189741134644,0.6082929968833923,0.6082929968833923,14684
Grid+ USD,GRID-USD,2018-03-08,0.6073369979858398,0.7413790225982666,0.5556970238685608,0.5625830292701721,0.5625830292701721,26717
Grid+ USD,GRID-USD,2018-03-09,0.5615500211715698,0.6780139803886414,0.5172250270843506,0.6762809753417969,0.6762809753417969,11844
Grid+ USD,GRID-USD,2018-03-10,0.6759380102157593,0.6932579874992371,0.580348014831543,0.5994139909744263,0.5994139909744263,13371
Grid+ USD,GRID-USD,2018-03-11,0.5976279973983765,0.618861973285675,0.5365909934043884,0.6109200119972229,0.6109200119972229,30941
Grid+ USD,GRID-USD,2018-03-12,0.6101660132408142,0.626442015171051,0.5799970030784607,0.5918099880218506,0.5918099880218506,4861
Grid+ USD,GRID-USD,2018-03-13,0.5909249782562256,0.6600019931793213,0.5482800006866455,0.5532519817352295,0.5532519817352295,41824
Grid+ USD,GRID-USD,2018-03-14,0.5534650087356567,0.6266070008277893,0.492810994386673,0.493027001619339,0.493027001619339,14619
Grid+ USD,GRID-USD,2018-03-15,0.4933759868144989,0.6192479729652405,0.4623999893665313,0.6109769940376282,0.6109769940376282,251
Grid+ USD,GRID-USD,2018-03-16,0.6102679967880249,0.6148650050163269,0.4774129986763,0.5877739787101746,0.5877739787101746,2651
Grid+ USD,GRID-USD,2018-03-17,0.5880209803581238,0.595907986164093,0.4572620093822479,0.4590600132942199,0.4590600132942199,461
Grid+ USD,GRID-USD,2018-03-18,0.4586459994316101,0.4648230075836181,0.3874030113220215,0.4491690099239349,0.4491690099239349,2861
Grid+ USD,GRID-USD,2018-03-19,0.4473699927330017,0.4955579936504364,0.4095489978790283,0.4949339926242828,0.4949339926242828,2303
Grid+ USD,GRID-USD,2018-03-20,0.4988859891891479,0.4988859891891479,0.4137350022792816,0.4156129956245422,0.4156129956245422,875
Grid+ USD,GRID-USD,2018-03-21,0.4181669950485229,0.4787159860134125,0.4155910015106201,0.4523870050907135,0.4523870050907135,2775
Grid+ USD,GRID-USD,2018-03-22,0.4534949958324432,0.4676040112972259,0.3994350135326385,0.4575639963150024,0.4575639963150024,404
Grid+ USD,GRID-USD,2018-03-23,0.4574860036373138,0.4583370089530945,0.3555319905281067,0.4566409885883331,0.4566409885883331,1174
Grid+ USD,GRID-USD,2018-03-24,0.4608519971370697,0.5154460072517395,0.4182260036468506,0.4432539939880371,0.4432539939880371,4511
Grid+ USD,GRID-USD,2018-03-25,0.4379439949989319,0.5078979730606079,0.4332489967346191,0.4968560039997101,0.4968560039997101,2745
Grid+ USD,GRID-USD,2018-03-26,0.4957560002803802,0.4989790022373199,0.4224379956722259,0.4405609965324402,0.4405609965324402,4046
Grid+ USD,GRID-USD,2018-03-27,0.4402909874916076,0.4435310065746307,0.3721950054168701,0.3730010092258453,0.3730010092258453,1844
Grid+ USD,GRID-USD,2018-03-28,0.3731270134449005,0.4505540132522583,0.3676069974899292,0.4360710084438324,0.4360710084438324,1426
Grid+ USD,GRID-USD,2018-03-29,0.4368480145931244,0.4406389892101288,0.279226005077362,0.3075129985809326,0.3075129985809326,9400
Grid+ USD,GRID-USD,2018-03-30,0.3066180050373077,0.3943359851837158,0.2721779942512512,0.3797039985656738,0.3797039985656738,427
Grid+ USD,GRID-USD,2018-03-31,0.3793570101261139,0.3933869898319244,0.289559006690979,0.2904300093650818,0.2904300093650818,5824
Grid+ USD,GRID-USD,2018-04-01,0.2905220091342926,0.3782599866390228,0.2770560085773468,0.3121280074119568,0.3121280074119568,1398
Grid+ USD,GRID-USD,2018-04-02,0.3131330013275146,0.3724919855594635,0.3111580014228821,0.3724919855594635,0.3724919855594635,1179
Grid+ USD,GRID-USD,2018-04-03,0.3728969991207123,0.3831090033054352,0.3017570078372955,0.3169809877872467,0.3169809877872467,4106
Grid+ USD,GRID-USD,2018-04-04,0.3176069855690002,0.3454630076885223,0.3065429925918579,0.3406339883804321,0.3406339883804321,11
Grid+ USD,GRID-USD,2018-04-05,0.3402290046215057,0.343176007270813,0.2872819900512695,0.3393149971961975,0.3393149971961975,5689
Grid+ USD,GRID-USD,2018-04-06,0.3380129933357239,0.3411250114440918,0.3231799900531769,0.3271450102329254,0.3271450102329254,256
Grid+ USD,GRID-USD,2018-04-07,0.3270510137081146,0.4695039987564087,0.3266830146312713,0.4614740014076233,0.4614740014076233,25382
Grid+ USD,GRID-USD,2018-04-08,0.4612660109996795,0.4833340048789978,0.4604929983615875,0.4782699942588806,0.4782699942588806,876
Grid+ USD,GRID-USD,2018-04-09,0.4793980121612549,0.494157999753952,0.3700940012931824,0.3767359852790832,0.3767359852790832,8090
Grid+ USD,GRID-USD,2018-04-10,0.37847900390625,0.4994310140609741,0.37847900390625,0.4955680072307586,0.4955680072307586,3524
Grid+ USD,GRID-USD,2018-04-11,0.4967319965362549,0.5018669962882996,0.3990649878978729,0.4413740038871765,0.4413740038871765,5845
Grid+ USD,GRID-USD,2018-04-12,0.4391709864139557,0.569366991519928,0.4136070013046264,0.5678439736366272,0.5678439736366272,35682
Grid+ USD,GRID-USD,2018-04-13,0.5688260197639465,0.6076599955558777,0.4976600110530853,0.5615270137786865,0.5615270137786865,2501
Grid+ USD,GRID-USD,2018-04-14,0.5615270137786865,0.5805760025978088,0.4764870107173919,0.4772509932518005,0.4772509932518005,9924
Grid+ USD,GRID-USD,2018-04-15,0.476945012807846,0.5987169742584229,0.476945012807846,0.5863680243492126,0.5863680243492126,2869
Grid+ USD,GRID-USD,2018-04-16,0.5871400237083435,0.5904499888420105,0.4824939966201782,0.5051969885826111,0.5051969885826111,2154
Grid+ USD,GRID-USD,2018-04-17,0.5051199793815613,0.5643919706344604,0.5012410283088684,0.5475490093231201,0.5475490093231201,458
Grid+ USD,GRID-USD,2018-04-18,0.5478150248527527,0.5671430230140686,0.4995369911193847,0.5661680102348328,0.5661680102348328,520
Grid+ USD,GRID-USD,2018-04-19,0.5664790272712708,0.5793290138244629,0.4439699947834015,0.4612450003623962,0.4612450003623962,24171
Grid+ USD,GRID-USD,2018-04-20,0.4606939852237701,0.5582079887390137,0.4158700108528137,0.5547230243682861,0.5547230243682861,9966
Grid+ USD,GRID-USD,2018-04-21,0.5543619990348816,0.560027003288269,0.4617420136928558,0.5360100269317627,0.5360100269317627,7823
Grid+ USD,GRID-USD,2018-04-22,0.5360100269317627,0.641398012638092,0.526423990726471,0.6208310127258301,0.6208310127258301,195
Grid+ USD,GRID-USD,2018-04-23,0.6185290217399597,0.6308069825172424,0.5845649838447571,0.5974230170249939,0.5974230170249939,1262
Grid+ USD,GRID-USD,2018-04-24,0.5974400043487549,0.6872130036354065,0.5974400043487549,0.6380959749221802,0.6380959749221802,8046
Grid+ USD,GRID-USD,2018-04-25,0.6378740072250366,0.6378740072250366,0.5350099802017212,0.5988060235977173,0.5988060235977173,6913
Grid+ USD,GRID-USD,2018-04-26,0.6046789884567261,0.6157910227775574,0.4933989942073822,0.5561439990997314,0.5561439990997314,746
Grid+ USD,GRID-USD,2018-04-27,0.5571100115776062,0.5755950212478638,0.5171120166778564,0.5182219743728638,0.5182219743728638,1557
Grid+ USD,GRID-USD,2018-04-28,0.5137709975242615,0.5566329956054688,0.5137709975242615,0.5530070066452026,0.5530070066452026,1478
Grid+ USD,GRID-USD,2018-04-29,0.5530700087547302,0.585955023765564,0.5358369946479797,0.5857139825820923,0.5857139825820923,385
Grid+ USD,GRID-USD,2018-04-30,0.585781991481781,0.634552001953125,0.5404589772224426,0.633791983127594,0.633791983127594,1409
Grid+ USD,GRID-USD,2018-05-01,0.635873019695282,0.6394129991531372,0.5240039825439453,0.5332729816436768,0.5332729816436768,204
Grid+ USD,GRID-USD,2018-05-02,0.5317320227622986,0.590802013874054,0.5268480181694031,0.5884039998054504,0.5884039998054504,1045
Grid+ USD,GRID-USD,2018-05-03,0.5883489847183228,0.6570670008659363,0.5473780035972595,0.5535159707069397,0.5535159707069397,1087
Grid+ USD,GRID-USD,2018-05-04,0.55172199010849,0.6682400107383728,0.5396400094032288,0.663561999797821,0.663561999797821,14425
Grid+ USD,GRID-USD,2018-05-05,0.6642929911613464,0.7688360214233398,0.6187559962272644,0.6330620050430298,0.6330620050430298,14866
Grid+ USD,GRID-USD,2018-05-06,0.6329479813575745,0.7311229705810547,0.5711789727210999,0.5739799737930298,0.5739799737930298,1375
Grid+ USD,GRID-USD,2018-05-07,0.5743020176887512,0.5769429802894592,0.3493500053882599,0.3558680117130279,0.3558680117130279,352
Grid+ USD,GRID-USD,2018-05-08,0.3581889867782593,0.4913089871406555,0.3580879867076874,0.4569810032844543,0.4569810032844543,457
Grid+ USD,GRID-USD,2018-05-09,0.4564130008220672,0.6456819772720337,0.2184049934148788,0.6372269988059998,0.6372269988059998,2809
Grid+ USD,GRID-USD,2018-05-10,0.6378309726715088,0.6516919732093811,0.6153939962387085,0.616083025932312,0.616083025932312,31
Grid+ USD,GRID-USD,2018-05-11,0.6165310144424438,0.6255679726600647,0.3133819997310638,0.5422679781913757,0.5422679781913757,147
Grid+ USD,GRID-USD,2018-05-12,0.5412999987602234,0.5745090246200562,0.4141849875450134,0.4739260077476501,0.4739260077476501,1367
Grid+ USD,GRID-USD,2018-05-13,0.4729770123958587,0.6210989952087402,0.4652470052242279,0.6128110289573669,0.6128110289573669,547
Grid+ USD,GRID-USD,2018-05-14,0.6125569939613342,0.6220620274543762,0.5784260034561157,0.6113579869270325,0.6113579869270325,31
Grid+ USD,GRID-USD,2018-05-15,0.6105089783668518,0.6170420050621033,0.5770379900932312,0.5853239893913269,0.5853239893913269,205
Grid+ USD,GRID-USD,2018-05-16,0.5856019854545593,0.5885850191116333,0.4987350106239319,0.5026130080223083,0.5026130080223083,297
Grid+ USD,GRID-USD,2018-05-17,0.5032089948654175,0.5112400054931641,0.4652059972286224,0.4697799980640411,0.4697799980640411,286
Grid+ USD,GRID-USD,2018-05-18,0.4693149924278259,0.5828440189361572,0.4615960121154785,0.5821250081062317,0.5821250081062317,5032
Grid+ USD,GRID-USD,2018-05-19,0.5821319818496704,0.5838710069656372,0.4524239897727966,0.5736079812049866,0.5736079812049866,27859
Grid+ USD,GRID-USD,2018-05-20,0.5740879774093628,0.5948179960250854,0.5040220022201538,0.585565984249115,0.585565984249115,15026
Grid+ USD,GRID-USD,2018-05-21,0.5863249897956848,0.8826310038566589,0.4704909920692444,0.8624680042266846,0.8624680042266846,30104
Grid+ USD,GRID-USD,2018-05-22,0.8606510162353516,0.8635950088500977,0.416716992855072,0.4195680022239685,0.4195680022239685,18656
Grid+ USD,GRID-USD,2018-05-23,0.4187360107898712,0.4777869880199432,0.3397690057754516,0.3930909931659698,0.3930909931659698,7572
Grid+ USD,GRID-USD,2018-05-24,0.3913230001926422,0.414463996887207,0.3702900111675262,0.4029240012168884,0.4029240012168884,339
Grid+ USD,GRID-USD,2018-05-25,0.4033609926700592,0.4128020107746124,0.3821229934692383,0.3918429911136627,0.3918429911136627,120
Grid+ USD,GRID-USD,2018-05-26,0.3919000029563904,0.3951689898967743,0.3784930109977722,0.381509006023407,0.381509006023407,226
Grid+ USD,GRID-USD,2018-05-27,0.3822300136089325,0.3822300136089325,0.2902339994907379,0.2967090010643005,0.2967090010643005,2134
Grid+ USD,GRID-USD,2018-05-28,0.2966920137405395,0.379393994808197,0.2960489988327026,0.3396939933300018,0.3396939933300018,5806
Grid+ USD,GRID-USD,2018-05-29,0.3387120068073272,0.3947139978408813,0.2765870094299316,0.3897350132465362,0.3897350132465362,4236
Grid+ USD,GRID-USD,2018-05-30,0.3899739980697632,0.4462159872055053,0.3899739980697632,0.4343039989471435,0.4343039989471435,110
Grid+ USD,GRID-USD,2018-05-31,0.4338859915733337,0.4488030076026916,0.3411769866943359,0.3457719981670379,0.3457719981670379,902
Grid+ USD,GRID-USD,2018-06-01,0.3465169966220855,0.4469619989395141,0.3418070077896118,0.4396570026874542,0.4396570026874542,5350
Grid+ USD,GRID-USD,2018-06-02,0.4395619928836822,0.4542669951915741,0.3789719939231872,0.3789719939231872,0.3789719939231872,7
Grid+ USD,GRID-USD,2018-06-03,0.3784840106964111,0.4394449889659881,0.3781940042972564,0.3910630047321319,0.3910630047321319,709
Grid+ USD,GRID-USD,2018-06-04,0.3907999992370605,0.394894003868103,0.3760910034179687,0.3790070116519928,0.3790070116519928,24
Grid+ USD,GRID-USD,2018-06-05,0.3789789974689483,0.4621730148792267,0.3707109987735748,0.4259659945964813,0.4259659945964813,10396
Grid+ USD,GRID-USD,2018-06-06,0.4251089990139007,0.4275189936161041,0.4155519902706146,0.4238429963588714,0.4238429963588714,12
Grid+ USD,GRID-USD,2018-06-07,0.4237160086631775,0.6969680190086365,0.4008629918098449,0.4864479899406433,0.4864479899406433,8702
Grid+ USD,GRID-USD,2018-06-08,0.4872789978981018,0.500711977481842,0.3919790089130401,0.4737350046634674,0.4737350046634674,489
Grid+ USD,GRID-USD,2018-06-09,0.4738619923591614,0.4803439974784851,0.4022969901561737,0.4022969901561737,0.4022969901561737,176
Grid+ USD,GRID-USD,2018-06-10,0.4014759957790375,0.529778003692627,0.3724449872970581,0.422432005405426,0.422432005405426,23171
Grid+ USD,GRID-USD,2018-06-11,0.4231640100479126,0.4847069978713989,0.3614929914474487,0.3719249963760376,0.3719249963760376,1862
Grid+ USD,GRID-USD,2018-06-12,0.372076004743576,0.376911997795105,0.3419559895992279,0.3464030027389526,0.3464030027389526,1692
Grid+ USD,GRID-USD,2018-06-13,0.3477790057659149,0.3622139990329742,0.317561000585556,0.3330149948596954,0.3330149948596954,23
Grid+ USD,GRID-USD,2018-06-14,0.3338069915771484,0.3655489981174469,0.2533769905567169,0.3177169859409332,0.3177169859409332,672
Grid+ USD,GRID-USD,2018-06-15,0.3176549971103668,0.4706499874591827,0.3176549971103668,0.3829779922962188,0.3829779922962188,1031
Grid+ USD,GRID-USD,2018-06-16,0.3821319937705993,0.3825939893722534,0.3468039929866791,0.3487350046634674,0.3487350046634674,139
Grid+ USD,GRID-USD,2018-06-17,0.3486959934234619,0.3903610110282898,0.248431995511055,0.2489590048789978,0.2489590048789978,150
Grid+ USD,GRID-USD,2018-06-18,0.2489169985055923,0.3981260061264038,0.2458149939775467,0.3980399966239929,0.3980399966239929,2948
Grid+ USD,GRID-USD,2018-06-19,0.397801011800766,0.4110450148582458,0.321146011352539,0.3221440017223358,0.3221440017223358,3392
Grid+ USD,GRID-USD,2018-06-20,0.3223530054092407,0.323496013879776,0.3108890056610107,0.3216440081596374,0.3216440081596374,1934
Grid+ USD,GRID-USD,2018-06-21,0.3214690089225769,0.3910050094127655,0.3174009919166565,0.3905049860477447,0.3905049860477447,8949
Grid+ USD,GRID-USD,2018-06-22,0.3904019892215729,0.3904019892215729,0.3390550017356872,0.3470210134983063,0.3470210134983063,1481
Grid+ USD,GRID-USD,2018-06-23,0.3472490012645721,0.4215970039367676,0.3325929939746856,0.3329130113124847,0.3329130113124847,1832
Grid+ USD,GRID-USD,2018-06-24,0.3328190147876739,0.3600960075855255,0.3143190145492553,0.3407109975814819,0.3407109975814819,221
Grid+ USD,GRID-USD,2018-06-25,0.3393200039863586,0.3514370024204254,0.3326030075550079,0.3420259952545166,0.3420259952545166,17
Grid+ USD,GRID-USD,2018-06-26,0.3420259952545166,0.3431319892406463,0.2587040066719055,0.2590889930725097,0.2590889930725097,356
Grid+ USD,GRID-USD,2018-06-27,0.2582100033760071,0.260125994682312,0.2564589977264404,0.2576430141925812,0.2576430141925812,354
Grid+ USD,GRID-USD,2018-06-28,0.2504900097846985,0.3387449979782104,0.2457150071859359,0.3370540142059326,0.3370540142059326,105
Grid+ USD,GRID-USD,2018-06-29,0.3371750116348266,0.3485170006752014,0.3247990012168884,0.3475930094718933,0.3475930094718933,65
Grid+ USD,GRID-USD,2018-06-30,0.3016789853572845,0.302601009607315,0.2818729877471924,0.2892239987850189,0.2892239987850189,328
Grid+ USD,GRID-USD,2018-07-01,0.2892079949378967,0.2908729910850525,0.2837800085544586,0.2853829860687256,0.2853829860687256,63
Grid+ USD,GRID-USD,2018-07-03,0.2954210042953491,0.2977800071239471,0.2917439937591553,0.2922810018062591,0.2922810018062591,49
Grid+ USD,GRID-USD,2018-07-04,0.2924160063266754,0.3044100105762481,0.2867940068244934,0.2998200058937073,0.2998200058937073,50
Grid+ USD,GRID-USD,2018-07-05,0.3280040025711059,0.3317219913005829,0.3217459917068481,0.327800989151001,0.327800989151001,1356
Grid+ USD,GRID-USD,2018-07-06,0.3276489973068237,0.3294360041618347,0.3166309893131256,0.3277679979801178,0.3277679979801178,1356
Grid+ USD,GRID-USD,2018-07-07,0.2579610049724579,0.317328006029129,0.2545979917049408,0.3171559870243072,0.3171559870243072,325
Grid+ USD,GRID-USD,2018-07-08,0.3174209892749786,0.3426750004291534,0.315095990896225,0.3426750004291534,0.3426750004291534,72
Grid+ USD,GRID-USD,2018-07-10,0.3237870037555694,0.3238050043582916,0.2569249868392944,0.2573339939117431,0.2573339939117431,664
Grid+ USD,GRID-USD,2018-07-11,0.2573840022087097,0.3124969899654388,0.2535380125045776,0.3124969899654388,0.3124969899654388,178
Grid+ USD,GRID-USD,2018-07-12,0.3124969899654388,0.3124969899654388,0.2963460087776184,0.3008039891719818,0.3008039891719818,404
Grid+ USD,GRID-USD,2018-07-13,0.3016870021820068,0.3070259988307953,0.2780480086803436,0.2862209975719452,0.2862209975719452,314
Grid+ USD,GRID-USD,2018-07-14,0.286765992641449,0.3030480146408081,0.2858980000019073,0.3016340136528015,0.3016340136528015,143
Grid+ USD,GRID-USD,2018-07-16,0.2917599976062774,0.3080829977989197,0.2635050117969513,0.2688120007514953,0.2688120007514953,2195
Grid+ USD,GRID-USD,2018-07-17,0.2687709927558899,0.3109509944915771,0.267630010843277,0.304201990365982,0.304201990365982,4041
Grid+ USD,GRID-USD,2018-07-18,0.3042770028114319,0.3387210071086883,0.2952589988708496,0.3317599892616272,0.3317599892616272,197
Grid+ USD,GRID-USD,2018-07-19,0.3316580057144165,0.3332040011882782,0.2879320085048675,0.3188689947128296,0.3188689947128296,661
Grid+ USD,GRID-USD,2018-07-20,0.3189429938793182,0.509037971496582,0.274603009223938,0.278683990240097,0.278683990240097,2957
Grid+ USD,GRID-USD,2018-07-21,0.2787379920482635,0.2890500128269195,0.2267549932003021,0.2267549932003021,0.2267549932003021,1383
Grid+ USD,GRID-USD,2018-07-22,0.2266449928283691,0.2461349964141845,0.2261659950017929,0.2403739988803863,0.2403739988803863,2885
Grid+ USD,GRID-USD,2018-07-23,0.2403170019388198,0.3145650029182434,0.2399619966745376,0.2822049856185913,0.2822049856185913,422
Grid+ USD,GRID-USD,2018-07-24,0.2821300029754638,0.47188401222229,0.2668589949607849,0.2708599865436554,0.2708599865436554,1091
Grid+ USD,GRID-USD,2018-07-25,0.2713600099086761,0.3476130068302154,0.25798100233078,0.3445279896259308,0.3445279896259308,843
Grid+ USD,GRID-USD,2018-07-26,0.344217985868454,0.3525750041007995,0.299685001373291,0.3268660008907318,0.3268660008907318,1507
Grid+ USD,GRID-USD,2018-07-27,0.3267239928245544,0.3747560083866119,0.3228240013122558,0.3712300062179565,0.3712300062179565,57
Grid+ USD,GRID-USD,2018-07-28,0.3714439868927002,0.4069570004940033,0.3708760142326355,0.3913339972496032,0.3913339972496032,575
Grid+ USD,GRID-USD,2018-07-29,0.3918220102787018,0.3960030078887939,0.32846200466156,0.3299599885940552,0.3299599885940552,1042
Grid+ USD,GRID-USD,2018-07-30,0.3299840092658996,0.4095030128955841,0.2542470097541809,0.4095030128955841,0.4095030128955841,3590
Grid+ USD,GRID-USD,2018-07-31,0.4095520079135895,0.4096289873123169,0.340048998594284,0.3436219990253448,0.3436219990253448,46
Grid+ USD,GRID-USD,2018-08-01,0.3433730006217956,0.3444119989871979,0.2267940044403076,0.2275519967079162,0.2275519967079162,5763
Grid+ USD,GRID-USD,2018-08-02,0.2276609987020492,0.3245989978313446,0.1717319935560226,0.210985004901886,0.210985004901886,1644
Grid+ USD,GRID-USD,2018-08-03,0.2110790014266967,0.3241280019283294,0.1593399941921234,0.3214479982852936,0.3214479982852936,2934
Grid+ USD,GRID-USD,2018-08-04,0.3213309943675995,0.3224360048770904,0.1702599972486496,0.1711149960756302,0.1711149960756302,515
Grid+ USD,GRID-USD,2018-08-05,0.1711030006408691,0.1911949962377548,0.1690690070390701,0.1895619928836822,0.1895619928836822,575
Grid+ USD,GRID-USD,2018-08-06,0.1897249966859817,0.3468869924545288,0.1779180020093917,0.2383420020341873,0.2383420020341873,603
Grid+ USD,GRID-USD,2018-08-07,0.2382619976997375,0.2472400069236755,0.2001309990882873,0.2172109931707382,0.2172109931707382,304
Grid+ USD,GRID-USD,2018-08-08,0.2169059962034225,0.2894279956817627,0.214380994439125,0.2668389976024627,0.2668389976024627,85
Grid+ USD,GRID-USD,2018-08-09,0.2672640085220337,0.5244320034980774,0.2022179961204528,0.4311729967594147,0.4311729967594147,8748
Grid+ USD,GRID-USD,2018-08-10,0.4306899905204773,0.4315580129623413,0.263264000415802,0.2636789977550506,0.2636789977550506,1609
Grid+ USD,GRID-USD,2018-08-11,0.2635140120983124,0.2952960133552551,0.2247709929943084,0.292723000049591,0.292723000049591,3328
Grid+ USD,GRID-USD,2018-08-12,0.291251003742218,0.2983720004558563,0.2680209875106811,0.2847149968147278,0.2847149968147278,92
Grid+ USD,GRID-USD,2018-08-13,0.2091380059719085,0.2476779967546463,0.1982759982347488,0.2360769957304,0.2360769957304,813
Grid+ USD,GRID-USD,2018-08-14,0.2361409962177276,0.2361409962177276,0.2080319970846176,0.2232930064201355,0.2232930064201355,219
Grid+ USD,GRID-USD,2018-08-15,0.2254070043563842,0.2502619922161102,0.2246340066194534,0.2322690039873123,0.2322690039873123,54
Grid+ USD,GRID-USD,2018-08-16,0.2325289994478225,0.2458170056343078,0.2304909974336624,0.2409110069274902,0.2409110069274902,56
Grid+ USD,GRID-USD,2018-08-17,0.3175350129604339,0.3252420127391815,0.2849240005016327,0.2869850099086761,0.2869850099086761,134
Grid+ USD,GRID-USD,2018-08-18,0.2874200046062469,0.2929340004920959,0.1490499973297119,0.229664996266365,0.229664996266365,101
Grid+ USD,GRID-USD,2018-08-19,0.229882001876831,0.333743005990982,0.2003729939460754,0.3295080065727234,0.3295080065727234,3508
Grid+ USD,GRID-USD,2018-08-20,0.3295539915561676,0.4218679964542389,0.1642780005931854,0.1649180054664611,0.1649180054664611,4166
Grid+ USD,GRID-USD,2018-08-21,0.1641580015420913,0.2118719965219497,0.1640720069408416,0.2114260047674179,0.2114260047674179,649
Grid+ USD,GRID-USD,2018-08-22,0.2113739997148513,0.2225389927625656,0.1736370027065277,0.1851329952478408,0.1851329952478408,2758
Grid+ USD,GRID-USD,2018-08-23,0.1855240017175674,0.1920929998159408,0.1357399970293045,0.1388799995183944,0.1388799995183944,138
Grid+ USD,GRID-USD,2018-08-24,0.138941004872322,0.1984539926052093,0.1376879960298538,0.1984090059995651,0.1984090059995651,228
Grid+ USD,GRID-USD,2018-08-25,0.1981270015239715,0.1985190063714981,0.194933995604515,0.1969660073518753,0.1969660073518753,5
Grid+ USD,GRID-USD,2018-08-26,0.1969660073518753,0.1969660073518753,0.1783310025930404,0.1788820028305053,0.1788820028305053,220
Grid+ USD,GRID-USD,2018-08-27,0.1792020052671432,0.1854040026664734,0.1782200038433075,0.1854040026664734,0.1854040026664734,157
Grid+ USD,GRID-USD,2018-08-28,0.1861650049686432,0.2112769931554794,0.1844239979982376,0.2105910032987594,0.2105910032987594,810
Grid+ USD,GRID-USD,2018-08-29,0.210544005036354,0.210544005036354,0.1812700033187866,0.1822769939899444,0.1822769939899444,162
Grid+ USD,GRID-USD,2018-08-30,0.1823879927396774,0.1835969984531402,0.1823879927396774,0.1834000051021576,0.1834000051021576,3
Grid+ USD,GRID-USD,2018-08-31,0.1834000051021576,0.1847880035638809,0.18088099360466,0.1839769929647445,0.1839769929647445,515
Grid+ USD,GRID-USD,2018-09-01,0.184006005525589,0.2340369969606399,0.1839299947023391,0.2213470041751861,0.2213470041751861,822
Grid+ USD,GRID-USD,2018-09-02,0.2213750034570694,0.2241770029067993,0.1641409993171692,0.1912059932947158,0.1912059932947158,4206
Grid+ USD,GRID-USD,2018-09-03,0.1913489997386932,0.191879004240036,0.1868039965629577,0.1889480054378509,0.1889480054378509,139
Grid+ USD,GRID-USD,2018-09-04,0.1592379957437515,0.1807940006256103,0.144346997141838,0.1772509962320327,0.1772509962320327,1957
Grid+ USD,GRID-USD,2018-09-05,0.1771200001239776,0.1781840026378631,0.161654993891716,0.161654993891716,0.161654993891716,4068
Grid+ USD,GRID-USD,2018-09-06,0.1616570055484771,0.1616570055484771,0.1514970064163208,0.1578869968652725,0.1578869968652725,3368
Grid+ USD,GRID-USD,2018-09-07,0.1578869968652725,0.1681260019540786,0.1561809927225113,0.1563230007886886,0.1563230007886886,453
Grid+ USD,GRID-USD,2018-09-08,0.1563259959220886,0.1935520023107528,0.1455069929361343,0.1889519989490509,0.1889519989490509,3561
Grid+ USD,GRID-USD,2018-09-09,0.188192993402481,0.1886489987373352,0.1254650056362152,0.1295280009508133,0.1295280009508133,248
Grid+ USD,GRID-USD,2018-09-10,0.129608005285263,0.1326899975538253,0.129608005285263,0.1303450018167495,0.1303450018167495,1262
Grid+ USD,GRID-USD,2018-09-11,0.1303450018167495,0.1303450018167495,0.1176209971308708,0.1203590035438537,0.1203590035438537,550
Grid+ USD,GRID-USD,2018-09-12,0.120348997414112,0.137594997882843,0.1107800006866455,0.1374779939651489,0.1374779939651489,2073
Grid+ USD,GRID-USD,2018-09-13,0.1376229971647262,0.1989440023899078,0.1370120048522949,0.1890880018472671,0.1890880018472671,1068
Grid+ USD,GRID-USD,2018-09-14,0.1883710026741027,0.1896820068359375,0.1384260058403015,0.1432439982891082,0.1432439982891082,558
Grid+ USD,GRID-USD,2018-09-15,0.1430239975452423,0.1430239975452423,0.1416070014238357,0.1429319977760315,0.1429319977760315,1801
Grid+ USD,GRID-USD,2018-09-16,0.1429319977760315,0.1855349987745285,0.1421909928321838,0.1718460023403167,0.1718460023403167,405
Grid+ USD,GRID-USD,2018-09-17,0.171657994389534,0.1745280027389526,0.1523340046405792,0.1530500054359436,0.1530500054359436,98
Grid+ USD,GRID-USD,2018-09-18,0.1779650002717971,0.1779650002717971,0.1356139928102493,0.1368290036916732,0.1368290036916732,216
Grid+ USD,GRID-USD,2018-09-19,0.136595994234085,0.1387369930744171,0.131412997841835,0.1377850025892257,0.1377850025892257,17
Grid+ USD,GRID-USD,2018-09-21,0.1377940028905868,0.2681730091571808,0.1377940028905868,0.2658860087394714,0.2658860087394714,1241
Grid+ USD,GRID-USD,2018-09-22,0.2667439877986908,0.2807509899139404,0.255607008934021,0.2698189914226532,0.2698189914226532,1470
Grid+ USD,GRID-USD,2018-09-23,0.2699829936027527,0.2777949869632721,0.1989710032939911,0.2017219960689544,0.2017219960689544,355
Grid+ USD,GRID-USD,2018-09-24,0.2020899951457977,0.2638329863548279,0.2007219940423965,0.24685999751091,0.24685999751091,483
Grid+ USD,GRID-USD,2018-09-25,0.2469280064105987,0.2469280064105987,0.2373189926147461,0.2398079931735992,0.2398079931735992,608
Grid+ USD,GRID-USD,2018-09-26,0.2398079931735992,0.2398079931735992,0.2398079931735992,0.2398079931735992,0.2398079931735992,41
Grid+ USD,GRID-USD,2018-09-27,0.2398079931735992,0.2398079931735992,0.2398079931735992,0.2398079931735992,0.2398079931735992,114
Grid+ USD,GRID-USD,2018-09-28,0.2398079931735992,0.2398079931735992,0.1862280070781707,0.1899610012769699,0.1899610012769699,521
Grid+ USD,GRID-USD,2018-09-29,0.1895920038223266,0.1993529945611953,0.1841170042753219,0.1908340007066726,0.1908340007066726,983
Grid+ USD,GRID-USD,2018-09-30,0.1906079947948455,0.1952800005674362,0.1891079992055893,0.192560002207756,0.192560002207756,80
Grid+ USD,GRID-USD,2018-10-01,0.192560002207756,0.192560002207756,0.192560002207756,0.192560002207756,0.192560002207756,139
Grid+ USD,GRID-USD,2018-10-02,0.192560002207756,0.192560002207756,0.192560002207756,0.192560002207756,0.192560002207756,136
Grid+ USD,GRID-USD,2018-10-03,0.192560002207756,0.192560002207756,0.1683070063591003,0.1700890064239502,0.1700890064239502,1061
Grid+ USD,GRID-USD,2018-10-04,0.1701149940490722,0.1745419949293136,0.1697880029678344,0.1713750064373016,0.1713750064373016,462
Grid+ USD,GRID-USD,2018-10-05,0.1713390052318573,0.2647590041160583,0.1194140017032623,0.2637889981269836,0.2637889981269836,2585
Grid+ USD,GRID-USD,2018-10-06,0.2638910114765167,0.2721459865570068,0.2613770067691803,0.268559992313385,0.268559992313385,2300
Grid+ USD,GRID-USD,2018-10-07,0.2687039971351623,0.2700110077857971,0.1872960031032562,0.1896930038928985,0.1896930038928985,1297
Grid+ USD,GRID-USD,2018-10-08,0.1900260001420974,0.1903530061244964,0.1418499946594238,0.1658580005168914,0.1658580005168914,3111
Grid+ USD,GRID-USD,2018-10-09,0.1657930016517639,0.1841820031404495,0.1400180011987686,0.1401980072259903,0.1401980072259903,2461
Grid+ USD,GRID-USD,2018-10-10,0.140074998140335,0.1476069986820221,0.1381340026855468,0.1469430029392242,0.1469430029392242,2329
Grid+ USD,GRID-USD,2018-10-11,0.1468410044908523,0.1469559967517852,0.1295839995145797,0.1306889951229095,0.1306889951229095,876
Grid+ USD,GRID-USD,2018-10-12,0.1306889951229095,0.1306889951229095,0.1171759963035583,0.1211500018835067,0.1211500018835067,340
Grid+ USD,GRID-USD,2018-10-13,0.1209850013256073,0.1560650020837783,0.1065229997038841,0.1558679938316345,0.1558679938316345,1615
Grid+ USD,GRID-USD,2018-10-14,0.1558630019426345,0.1574590057134628,0.1057400032877922,0.1525859981775283,0.1525859981775283,5409
Grid+ USD,GRID-USD,2018-10-15,0.152876004576683,0.1734409928321838,0.1518370062112808,0.1641519963741302,0.1641519963741302,87
Grid+ USD,GRID-USD,2018-10-16,0.1642999947071075,0.1642999947071075,0.1642999947071075,0.1642999947071075,0.1642999947071075,6
Grid+ USD,GRID-USD,2018-10-17,0.1642999947071075,0.1642999947071075,0.1050980016589164,0.1058579981327056,0.1058579981327056,43
Grid+ USD,GRID-USD,2018-10-18,0.1056180000305175,0.1797789931297302,0.1053910031914711,0.1789389997720718,0.1789389997720718,43
Grid+ USD,GRID-USD,2018-10-19,0.1925510019063949,0.1950370073318481,0.1305689960718155,0.1305689960718155,0.1305689960718155,3136
Grid+ USD,GRID-USD,2018-10-20,0.1304250061511993,0.1320060044527053,0.1299130022525787,0.1314190030097961,0.1314190030097961,176
Grid+ USD,GRID-USD,2018-10-21,0.1910270005464553,0.1920489966869354,0.1535779982805252,0.1538249999284744,0.1538249999284744,334
Grid+ USD,GRID-USD,2018-10-22,0.1538709998130798,0.1886219978332519,0.1525299996137619,0.1882790029048919,0.1882790029048919,1993
Grid+ USD,GRID-USD,2018-10-23,0.1884189993143081,0.189191997051239,0.1276129931211471,0.1292449980974197,0.1292449980974197,2452
Grid+ USD,GRID-USD,2018-10-24,0.1292310059070587,0.1294499933719635,0.1289959996938705,0.1292040050029754,0.1292040050029754,2523
Grid+ USD,GRID-USD,2018-10-25,0.1292040050029754,0.1292040050029754,0.1292040050029754,0.1292040050029754,0.1292040050029754,526
Grid+ USD,GRID-USD,2018-10-26,0.1292040050029754,0.1292040050029754,0.1292040050029754,0.1292040050029754,0.1292040050029754,905
Grid+ USD,GRID-USD,2018-10-27,0.1292040050029754,0.1619299948215484,0.1292040050029754,0.1617500036954879,0.1617500036954879,200
Grid+ USD,GRID-USD,2018-10-28,0.1616020053625106,0.1629280000925064,0.1610479950904846,0.1618980020284652,0.1618980020284652,0
Grid+ USD,GRID-USD,2018-10-29,0.1618980020284652,0.1618980020284652,0.1618980020284652,0.1618980020284652,0.1618980020284652,1560
Grid+ USD,GRID-USD,2018-10-30,0.1618980020284652,0.1618980020284652,0.1618980020284652,0.1618980020284652,0.1618980020284652,0
Grid+ USD,GRID-USD,2018-10-31,0.1618980020284652,0.1618980020284652,0.13748499751091,0.13748499751091,0.13748499751091,137
Grid+ USD,GRID-USD,2018-11-01,0.13748499751091,0.1600130051374435,0.13748499751091,0.1412079930305481,0.1412079930305481,12
Grid+ USD,GRID-USD,2018-11-02,0.1412079930305481,0.1412079930305481,0.1412079930305481,0.1412079930305481,0.1412079930305481,383
Grid+ USD,GRID-USD,2018-11-03,0.1412079930305481,0.1412079930305481,0.1398819983005523,0.1398819983005523,0.1398819983005523,15
Grid+ USD,GRID-USD,2018-11-04,0.1398819983005523,0.1400849968194961,0.110274001955986,0.115055002272129,0.115055002272129,4506
Grid+ USD,GRID-USD,2018-11-05,0.1153519973158836,0.1163920015096664,0.114495001733303,0.1156919971108436,0.1156919971108436,295
Grid+ USD,GRID-USD,2018-11-06,0.1156919971108436,0.1156919971108436,0.1075450032949447,0.1091130003333091,0.1091130003333091,853
Grid+ USD,GRID-USD,2018-11-07,0.1093600019812583,0.1308570057153701,0.108375996351242,0.1304299980401992,0.1304299980401992,243
Grid+ USD,GRID-USD,2018-11-08,0.1303720027208328,0.1310790032148361,0.1275829970836639,0.1279540061950683,0.1279540061950683,463
Grid+ USD,GRID-USD,2018-11-09,0.1279540061950683,0.1279540061950683,0.1279540061950683,0.1279540061950683,0.1279540061950683,812
Grid+ USD,GRID-USD,2018-11-10,0.1279540061950683,0.1279540061950683,0.0875509977340698,0.1066560000181198,0.1066560000181198,8238
Grid+ USD,GRID-USD,2018-11-11,0.1064999997615814,0.1273519992828369,0.1062090024352073,0.1268569976091385,0.1268569976091385,968
Grid+ USD,GRID-USD,2018-11-12,0.1266019940376281,0.127592995762825,0.1258040070533752,0.1272030025720596,0.1272030025720596,0
Grid+ USD,GRID-USD,2018-11-13,0.1272030025720596,0.1272030025720596,0.1236260011792182,0.1240319982171058,0.1240319982171058,67
Grid+ USD,GRID-USD,2018-11-14,0.1239430010318756,0.124279998242855,0.1079849973320961,0.1177050024271011,0.1177050024271011,362
Grid+ USD,GRID-USD,2018-11-15,0.1181619986891746,0.1632529944181442,0.1171410009264946,0.1301469951868057,0.1301469951868057,1413
Grid+ USD,GRID-USD,2018-11-16,0.1304229944944381,0.1634079962968826,0.121189996600151,0.122758001089096,0.122758001089096,1181
Grid+ USD,GRID-USD,2018-11-17,0.1226759999990463,0.1231539994478225,0.1174919977784156,0.118318997323513,0.118318997323513,183
Grid+ USD,GRID-USD,2018-11-18,0.1182909980416297,0.120117001235485,0.1086930036544799,0.1097019985318183,0.1097019985318183,53
Grid+ USD,GRID-USD,2018-11-19,0.1099219992756843,0.1099219992756843,0.0839229971170425,0.0853549987077713,0.0853549987077713,793
Grid+ USD,GRID-USD,2018-11-20,0.0848380029201507,0.0864130035042762,0.0718569979071617,0.0743359997868537,0.0743359997868537,89
Grid+ USD,GRID-USD,2018-11-21,0.0746529996395111,0.0764499977231025,0.0699189975857734,0.0725919976830482,0.0725919976830482,2213
Grid+ USD,GRID-USD,2018-11-22,0.0725409984588623,0.072963997721672,0.0659039989113807,0.0659039989113807,0.0659039989113807,390
Grid+ USD,GRID-USD,2018-11-23,0.0654480010271072,0.0744590014219284,0.0620680004358291,0.0740429982542991,0.0740429982542991,119
Grid+ USD,GRID-USD,2018-11-24,0.0739919990301132,0.0761329978704452,0.0670109987258911,0.0670109987258911,0.0670109987258911,0
Grid+ USD,GRID-USD,2018-11-25,0.0670109987258911,0.0670109987258911,0.055222999304533,0.0604469999670982,0.0604469999670982,230
Grid+ USD,GRID-USD,2018-11-26,0.0603209994733333,0.061269998550415,0.0565380007028579,0.0566649995744228,0.0566649995744228,0
Grid+ USD,GRID-USD,2018-11-27,0.0566649995744228,0.0566649995744228,0.0566649995744228,0.0566649995744228,0.0566649995744228,0
Grid+ USD,GRID-USD,2018-11-28,0.0566649995744228,0.0566649995744228,0.0566649995744228,0.0566649995744228,0.0566649995744228,0
Grid+ USD,GRID-USD,2018-11-29,0.0566649995744228,0.0566649995744228,0.0566649995744228,0.0566649995744228,0.0566649995744228,0
Grid+ USD,GRID-USD,2018-11-30,0.0566649995744228,0.0566649995744228,0.0566649995744228,0.0566649995744228,0.0566649995744228,0
Grid+ USD,GRID-USD,2018-12-01,0.0566649995744228,0.0613470003008842,0.0566649995744228,0.0603079982101917,0.0603079982101917,75
Grid+ USD,GRID-USD,2018-12-02,0.060063000768423,0.061218999326229,0.0588929988443851,0.0595460012555122,0.0595460012555122,0
Grid+ USD,GRID-USD,2018-12-03,0.0595460012555122,0.0595460012555122,0.0595460012555122,0.0595460012555122,0.0595460012555122,0
Grid+ USD,GRID-USD,2018-12-04,0.0595460012555122,0.0595460012555122,0.0595460012555122,0.0595460012555122,0.0595460012555122,0
Grid+ USD,GRID-USD,2018-12-05,0.0595460012555122,0.0624010004103183,0.0595460012555122,0.0615030005574226,0.0615030005574226,8
Grid+ USD,GRID-USD,2018-12-06,0.0614450015127658,0.0988029986619949,0.0488669984042644,0.0488669984042644,0.0488669984042644,1537
Grid+ USD,GRID-USD,2018-12-07,0.0488520003855228,0.1227160021662712,0.0444470010697841,0.0505300015211105,0.0505300015211105,8872
Grid+ USD,GRID-USD,2018-12-08,0.0504489988088607,0.0671539977192878,0.0351769998669624,0.0433409996330738,0.0433409996330738,23272
Grid+ USD,GRID-USD,2018-12-09,0.0432000011205673,0.0438380017876625,0.0387299992144107,0.0417839996516704,0.0417839996516704,368
Grid+ USD,GRID-USD,2018-12-10,0.041712999343872,0.0422590002417564,0.0323680005967617,0.0352930016815662,0.0352930016815662,4369
Grid+ USD,GRID-USD,2018-12-11,0.0352570004761219,0.0389630012214183,0.0334669984877109,0.0341680012643337,0.0341680012643337,1104
Grid+ USD,GRID-USD,2018-12-12,0.0341349989175796,0.0352320000529289,0.0339060015976429,0.0344219990074634,0.0344219990074634,10074
Grid+ USD,GRID-USD,2018-12-13,0.0344420000910759,0.038222000002861,0.0337769985198974,0.0362810008227825,0.0362810008227825,13852
Grid+ USD,GRID-USD,2018-12-14,0.0363590009510517,0.0365770012140274,0.0350230000913143,0.0354069992899894,0.0354069992899894,41046
Grid+ USD,GRID-USD,2018-12-15,0.0354220010340213,0.0358470007777214,0.0314910002052784,0.0320979990065097,0.0320979990065097,27273
Grid+ USD,GRID-USD,2018-12-16,0.0320959985256195,0.033449001610279,0.0320959985256195,0.0332560017704963,0.0332560017704963,34746
Grid+ USD,GRID-USD,2018-12-17,0.0332989990711212,0.0352450013160705,0.0293799992650747,0.0351979993283748,0.0351979993283748,95522
Grid+ USD,GRID-USD,2018-12-18,0.0351860001683235,0.0356209985911846,0.023811999708414,0.0253810007125139,0.0253810007125139,103255
Grid+ USD,GRID-USD,2018-12-19,0.025450000539422,0.0306739993393421,0.0187049992382526,0.0303969997912645,0.0303969997912645,82717
Grid+ USD,GRID-USD,2018-12-20,0.0303440000861883,0.0406709983944892,0.0301029998809099,0.0406709983944892,0.0406709983944892,43084
Grid+ USD,GRID-USD,2018-12-21,0.0406050011515617,0.0416840016841888,0.0385980010032653,0.0387470014393329,0.0387470014393329,0
Grid+ USD,GRID-USD,2018-12-22,0.0387470014393329,0.0408710017800331,0.0329589992761611,0.0408710017800331,0.0408710017800331,358
Grid+ USD,GRID-USD,2018-12-23,0.0410510003566741,0.0461760014295578,0.0378739982843399,0.0457580015063285,0.0457580015063285,1017
Grid+ USD,GRID-USD,2018-12-24,0.0457529984414577,0.0600599981844425,0.0457529984414577,0.0532810017466545,0.0532810017466545,487
Grid+ USD,GRID-USD,2018-12-25,0.0535219982266426,0.0535219982266426,0.0474850013852119,0.0492990016937255,0.0492990016937255,237
Grid+ USD,GRID-USD,2018-12-26,0.0493239983916282,0.0590969994664192,0.0480130016803741,0.0586440004408359,0.0586440004408359,1220
Grid+ USD,GRID-USD,2018-12-27,0.0587720014154911,0.0631640031933784,0.0524920001626014,0.0621620006859302,0.0621620006859302,1063
Grid+ USD,GRID-USD,2018-12-28,0.0622749999165535,0.0732000023126602,0.0616060011088848,0.0721200034022331,0.0721200034022331,0
Grid+ USD,GRID-USD,2018-12-29,0.0721200034022331,0.0721200034022331,0.0541060008108615,0.0553480014204978,0.0553480014204978,1294
Grid+ USD,GRID-USD,2018-12-30,0.0551160015165805,0.0562710016965866,0.0536939986050128,0.0559399984776973,0.0559399984776973,9
Grid+ USD,GRID-USD,2018-12-31,0.0560289993882179,0.0689859986305236,0.0465609990060329,0.0466759987175464,0.0466759987175464,101
Grid+ USD,GRID-USD,2019-01-01,0.0466779991984367,0.0493390001356601,0.0464430004358291,0.0486459992825984,0.0486459992825984,0
Grid+ USD,GRID-USD,2019-01-02,0.0486459992825984,0.0674149990081787,0.0486459992825984,0.0666939988732338,0.0666939988732338,675
Grid+ USD,GRID-USD,2019-01-03,0.0666259974241256,0.0756509974598884,0.0640560016036033,0.0745550021529197,0.0745550021529197,438
Grid+ USD,GRID-USD,2019-01-04,0.0745669975876808,0.0875950008630752,0.0739590004086494,0.0865850001573562,0.0865850001573562,2827
Grid+ USD,GRID-USD,2019-01-05,0.0864000022411346,0.0900920033454895,0.0687130019068718,0.0688180029392242,0.0688180029392242,1120
Grid+ USD,GRID-USD,2019-01-06,0.0687860026955604,0.0999749973416328,0.0672419965267181,0.0986189991235733,0.0986189991235733,4415
Grid+ USD,GRID-USD,2019-01-07,0.0987109988927841,0.1034310013055801,0.0725930035114288,0.0728819966316223,0.0728819966316223,358
Grid+ USD,GRID-USD,2019-01-08,0.0728589966893196,0.1329450011253357,0.0713229998946189,0.1323720067739486,0.1323720067739486,2655
Grid+ USD,GRID-USD,2019-01-09,0.1324280053377151,0.1350989937782287,0.103701002895832,0.1040659993886947,0.1040659993886947,822
Grid+ USD,GRID-USD,2019-01-10,0.1040659993886947,0.1047260016202926,0.0872799977660179,0.0888170003890991,0.0888170003890991,297
Grid+ USD,GRID-USD,2019-01-11,0.0886040031909942,0.110506996512413,0.0882150009274482,0.1083889976143837,0.1083889976143837,43
Grid+ USD,GRID-USD,2019-01-12,0.1084579974412918,0.10920300334692,0.1083569973707199,0.108653999865055,0.108653999865055,0
Grid+ USD,GRID-USD,2019-01-13,0.108653999865055,0.108653999865055,0.0841090008616447,0.0842669978737831,0.0842669978737831,1416
Grid+ USD,GRID-USD,2019-01-14,0.0843390002846717,0.1231369972229003,0.0843390002846717,0.1213250011205673,0.1213250011205673,2853
Grid+ USD,GRID-USD,2019-01-15,0.1213390007615089,0.1423819959163665,0.1171699985861778,0.1183919981122016,0.1183919981122016,1859
Grid+ USD,GRID-USD,2019-01-16,0.1182190030813217,0.1224929988384246,0.1169970035552978,0.1199870035052299,0.1199870035052299,595
Grid+ USD,GRID-USD,2019-01-17,0.1198740005493164,0.1201770007610321,0.1147399991750717,0.1162990033626556,0.1162990033626556,56
Grid+ USD,GRID-USD,2019-01-18,0.1162440031766891,0.1163979992270469,0.1038639992475509,0.1041349992156028,0.1041349992156028,160
Grid+ USD,GRID-USD,2019-01-19,0.1046110019087791,0.1048109978437423,0.0911889970302581,0.093699999153614,0.093699999153614,880
Grid+ USD,GRID-USD,2019-01-20,0.0936449989676475,0.1137989982962608,0.0934230014681816,0.113475002348423,0.113475002348423,39
Grid+ USD,GRID-USD,2019-01-21,0.1134340018033981,0.1137190014123916,0.1103689968585968,0.1112219989299774,0.1112219989299774,0
Grid+ USD,GRID-USD,2019-01-22,0.1112219989299774,0.1112219989299774,0.0889080017805099,0.0920730009675026,0.0920730009675026,95
Grid+ USD,GRID-USD,2019-01-23,0.0920739993453025,0.1042049974203109,0.0915360003709793,0.1032179966568946,0.1032179966568946,103
Grid+ USD,GRID-USD,2019-01-24,0.1033030003309249,0.1035069972276687,0.1019309982657432,0.1023420020937919,0.1023420020937919,0
Grid+ USD,GRID-USD,2019-01-25,0.1023420020937919,0.1023420020937919,0.0915009975433349,0.0919160023331642,0.0919160023331642,14
Grid+ USD,GRID-USD,2019-01-26,0.0919080004096031,0.0932919979095459,0.0916289985179901,0.0919980034232139,0.0919980034232139,475
Grid+ USD,GRID-USD,2019-01-27,0.0920130014419555,0.092178001999855,0.0896039977669715,0.0896039977669715,0.0896039977669715,249
Grid+ USD,GRID-USD,2019-01-28,0.0895240008831024,0.1041669994592666,0.0815469995141029,0.1034030020236969,0.1034030020236969,1966
Grid+ USD,GRID-USD,2019-01-29,0.1034590005874633,0.104993999004364,0.1009050011634826,0.1034770011901855,0.1034770011901855,348
Grid+ USD,GRID-USD,2019-01-30,0.1032909974455833,0.1043170019984245,0.0928720012307167,0.0958269983530044,0.0958269983530044,122
Grid+ USD,GRID-USD,2019-01-31,0.0958330035209655,0.0972319990396499,0.0958330035209655,0.0964270010590553,0.0964270010590553,0
Grid+ USD,GRID-USD,2019-02-01,0.0964270010590553,0.0964270010590553,0.0852800011634826,0.0861549973487854,0.0861549973487854,852
Grid+ USD,GRID-USD,2019-02-02,0.0860129967331886,0.0940620005130767,0.0859870016574859,0.0939470008015632,0.0939470008015632,369
Grid+ USD,GRID-USD,2019-02-03,0.0939069986343383,0.0941900014877319,0.0873769968748092,0.0882190018892288,0.0882190018892288,27
Grid+ USD,GRID-USD,2019-02-04,0.0882370024919509,0.0884890034794807,0.0867320001125335,0.0872609987854957,0.0872609987854957,347
Grid+ USD,GRID-USD,2019-02-05,0.0871910005807876,0.0876149982213974,0.0867419987916946,0.0872929990291595,0.0872929990291595,0
Grid+ USD,GRID-USD,2019-02-06,0.0872929990291595,0.0949739962816238,0.0872929990291595,0.0944430008530616,0.0944430008530616,378
Grid+ USD,GRID-USD,2019-02-07,0.094379998743534,0.0954779982566833,0.0877270027995109,0.0878000035881996,0.0878000035881996,623
Grid+ USD,GRID-USD,2019-02-08,0.0879129990935325,0.1329450011253357,0.087577000260353,0.1322900056838989,0.1322900056838989,1206
Grid+ USD,GRID-USD,2019-02-09,0.1323380023241043,0.1340669989585876,0.1058690026402473,0.1325930058956146,0.1325930058956146,176
Grid+ USD,GRID-USD,2019-02-10,0.1325370073318481,0.132883995771408,0.1109469980001449,0.1109469980001449,0.1109469980001449,472
Grid+ USD,GRID-USD,2019-02-11,0.1373579949140548,0.1373579949140548,0.1026009991765022,0.1031489968299865,0.1031489968299865,81
Grid+ USD,GRID-USD,2019-02-12,0.1029860004782676,0.134562999010086,0.0852349996566772,0.1344130039215088,0.1344130039215088,3382
Grid+ USD,GRID-USD,2019-02-13,0.1343930065631866,0.1343930065631866,0.103302001953125,0.1041570007801055,0.1041570007801055,1418
Grid+ USD,GRID-USD,2019-02-14,0.1040799990296363,0.1058249995112419,0.1031650006771087,0.1033990010619163,0.1033990010619163,279
Grid+ USD,GRID-USD,2019-02-15,0.1033539995551109,0.1052630022168159,0.0932769998908042,0.0935259982943534,0.0935259982943534,102
Grid+ USD,GRID-USD,2019-02-16,0.0936660021543502,0.1056229993700981,0.0936470031738281,0.1048780009150505,0.1048780009150505,285
Grid+ USD,GRID-USD,2019-02-17,0.1048009991645813,0.1242830008268356,0.1047590002417564,0.1178229972720146,0.1178229972720146,606
Grid+ USD,GRID-USD,2019-02-18,0.1172270029783248,0.1298460066318512,0.1010579988360405,0.10275200009346,0.10275200009346,10682
Grid+ USD,GRID-USD,2019-02-19,0.1027859970927238,0.1052649989724159,0.100160002708435,0.1002020016312599,0.1002020016312599,1581
Grid+ USD,GRID-USD,2019-02-20,0.1001740023493766,0.1093069985508918,0.0982899963855743,0.1031700000166893,0.1031700000166893,2871
Grid+ USD,GRID-USD,2019-02-21,0.1031330004334449,0.1315840035676956,0.1020999997854232,0.1060580015182495,0.1060580015182495,262
Grid+ USD,GRID-USD,2019-02-22,0.1062029972672462,0.108422003686428,0.1054370030760765,0.1080560013651847,0.1080560013651847,0
Grid+ USD,GRID-USD,2019-02-23,0.1080560013651847,0.1146249994635582,0.1080560013651847,0.1146249994635582,0.1146249994635582,65
Grid+ USD,GRID-USD,2019-02-24,0.1146000027656555,0.1195129975676536,0.0997589975595474,0.100781001150608,0.100781001150608,0
Grid+ USD,GRID-USD,2019-02-25,0.100781001150608,0.116856999695301,0.100781001150608,0.1146799996495246,0.1146799996495246,110
Grid+ USD,GRID-USD,2019-02-26,0.1145950034260749,0.114606000483036,0.09426199644804,0.0953179970383644,0.0953179970383644,7788
Grid+ USD,GRID-USD,2019-02-27,0.0953010022640228,0.0987920016050338,0.0932909995317459,0.0965180024504661,0.0965180024504661,586
Grid+ USD,GRID-USD,2019-02-28,0.0964760035276413,0.0983190014958381,0.0961259976029396,0.0968089997768402,0.0968089997768402,59
Grid+ USD,GRID-USD,2019-03-01,0.0968659967184066,0.0983989983797073,0.0966020002961158,0.0966020002961158,0.0966020002961158,202
Grid+ USD,GRID-USD,2019-03-02,0.0965389981865882,0.0971039980649948,0.0941469967365264,0.0953679978847503,0.0953679978847503,362
Grid+ USD,GRID-USD,2019-03-03,0.0952920019626617,0.09774199873209,0.0945999994874,0.0952539965510368,0.0952539965510368,133
Grid+ USD,GRID-USD,2019-03-04,0.0952050015330314,0.0954840034246444,0.0935729965567588,0.09391900151968,0.09391900151968,0
Grid+ USD,GRID-USD,2019-03-05,0.09391900151968,0.09391900151968,0.09391900151968,0.09391900151968,0.09391900151968,0
Grid+ USD,GRID-USD,2019-03-06,0.09391900151968,0.1013870015740394,0.09391900151968,0.1005960032343864,0.1005960032343864,30
Grid+ USD,GRID-USD,2019-03-07,0.1007269993424415,0.1167270019650459,0.0995690003037452,0.103532999753952,0.103532999753952,197
Grid+ USD,GRID-USD,2019-03-08,0.1036180034279823,0.1046440005302429,0.1027449965476989,0.1039289981126785,0.1039289981126785,0
Grid+ USD,GRID-USD,2019-03-09,0.1039289981126785,0.1039289981126785,0.1039289981126785,0.1039289981126785,0.1039289981126785,0
Grid+ USD,GRID-USD,2019-03-10,0.1039289981126785,0.1160430014133453,0.1039289981126785,0.1081100031733512,0.1081100031733512,151
Grid+ USD,GRID-USD,2019-03-11,0.1081629991531372,0.1085200011730194,0.1038260012865066,0.1044140011072158,0.1044140011072158,86
Grid+ USD,GRID-USD,2019-03-12,0.104492999613285,0.1055449992418289,0.0961859971284866,0.0971070006489753,0.0971070006489753,30
Grid+ USD,GRID-USD,2019-03-13,0.0970870032906532,0.1591919958591461,0.0965450033545494,0.1583819985389709,0.1583819985389709,2640
Grid+ USD,GRID-USD,2019-03-14,0.1583130061626434,0.1594569981098175,0.1133920028805732,0.1375640034675598,0.1375640034675598,672
Grid+ USD,GRID-USD,2019-03-15,0.1374170035123825,0.1637240052223205,0.124219998717308,0.1625210046768188,0.1625210046768188,482
Grid+ USD,GRID-USD,2019-03-16,0.1628540009260177,0.1706909984350204,0.1269930005073547,0.1467510014772415,0.1467510014772415,155
Grid+ USD,GRID-USD,2019-03-17,0.1465590000152588,0.1728210002183914,0.1274479925632476,0.1718699932098388,0.1718699932098388,247
Grid+ USD,GRID-USD,2019-03-18,0.1720400005578994,0.1728339940309524,0.1014439985156059,0.1212280020117759,0.1212280020117759,7398
Grid+ USD,GRID-USD,2019-03-19,0.1212119981646537,0.1277610063552856,0.1210609972476959,0.1222189962863922,0.1222189962863922,526
Grid+ USD,GRID-USD,2019-03-20,0.1222279965877533,0.1223340034484863,0.1181979998946189,0.1195240020751953,0.1195240020751953,153
Grid+ USD,GRID-USD,2019-03-21,0.1195660009980201,0.1200160011649131,0.0943790003657341,0.0944809988141059,0.0944809988141059,3000
Grid+ USD,GRID-USD,2019-03-22,0.0944039970636367,0.1131649985909462,0.0942059978842735,0.1124700009822845,0.1124700009822845,4106
Grid+ USD,GRID-USD,2019-03-23,0.1123690009117126,0.1130919978022575,0.1098209992051124,0.1105989962816238,0.1105989962816238,332
Grid+ USD,GRID-USD,2019-03-24,0.1106249988079071,0.1209940016269683,0.1101910024881362,0.1184360012412071,0.1184360012412071,2850
Grid+ USD,GRID-USD,2019-03-25,0.1185609996318817,0.1191840022802352,0.1078960001468658,0.109324999153614,0.109324999153614,274
Grid+ USD,GRID-USD,2019-03-26,0.1094880029559135,0.1272760033607483,0.108934998512268,0.1272760033607483,0.1272760033607483,391
Grid+ USD,GRID-USD,2019-03-27,0.1273069977760315,0.1410440057516098,0.1150040030479431,0.1409540027379989,0.1409540027379989,1438
Grid+ USD,GRID-USD,2019-03-28,0.1409540027379989,0.1547400057315826,0.1398999989032745,0.153328001499176,0.153328001499176,489
Grid+ USD,GRID-USD,2019-03-29,0.153328001499176,0.1551010012626648,0.1270000040531158,0.1549810022115707,0.1549810022115707,537
Grid+ USD,GRID-USD,2019-03-30,0.1550440043210983,0.1627449989318847,0.1206559985876083,0.1349959969520568,0.1349959969520568,589
Grid+ USD,GRID-USD,2019-03-31,0.1349959969520568,0.1983750015497207,0.1243759989738464,0.1557800024747848,0.1557800024747848,3966
Grid+ USD,GRID-USD,2019-04-01,0.155691996216774,0.1998399943113327,0.1549320071935653,0.1985789984464645,0.1985789984464645,115
Grid+ USD,GRID-USD,2019-04-02,0.1985799968242645,0.311394989490509,0.1823949962854385,0.2463849931955337,0.2463849931955337,6535
Grid+ USD,GRID-USD,2019-04-03,0.2464269995689392,0.3062370121479034,0.2197609990835189,0.2500270009040832,0.2500270009040832,2504
Grid+ USD,GRID-USD,2019-04-04,0.2503420114517212,0.25552898645401,0.223129004240036,0.2243790030479431,0.2243790030479431,678
Grid+ USD,GRID-USD,2019-04-05,0.2243790030479431,0.2807259857654571,0.2243289947509765,0.2797319889068603,0.2797319889068603,1838
Grid+ USD,GRID-USD,2019-04-06,0.2797319889068603,0.2888639867305755,0.2407049983739853,0.275393009185791,0.275393009185791,1975
Grid+ USD,GRID-USD,2019-04-07,0.2754020094871521,0.3299149870872497,0.0585119985044002,0.1395570039749145,0.1395570039749145,66751
Grid+ USD,GRID-USD,2019-04-08,0.1397749930620193,0.2003639936447143,0.1393560022115707,0.1694789975881576,0.1694789975881576,3466
Grid+ USD,GRID-USD,2019-04-09,0.1694789975881576,0.1694789975881576,0.140637993812561,0.1426749974489212,0.1426749974489212,996
Grid+ USD,GRID-USD,2019-04-10,0.1426700055599212,0.1626980006694793,0.1273840069770813,0.141742005944252,0.141742005944252,3700
Grid+ USD,GRID-USD,2019-04-11,0.141864001750946,0.1419630050659179,0.1222530007362365,0.1373720020055771,0.1373720020055771,4127
Grid+ USD,GRID-USD,2019-04-12,0.1372179985046386,0.179759994149208,0.1288039982318878,0.1779280006885528,0.1779280006885528,1002
Grid+ USD,GRID-USD,2019-04-13,0.1779280006885528,0.1796929985284805,0.1306959986686706,0.1316159963607788,0.1316159963607788,1258
Grid+ USD,GRID-USD,2019-04-14,0.1316159963607788,0.1602150052785873,0.1302179992198944,0.1594769954681396,0.1594769954681396,984
Grid+ USD,GRID-USD,2019-04-15,0.1594769954681396,0.1819760054349899,0.1514070034027099,0.1533540040254593,0.1533540040254593,2508
Grid+ USD,GRID-USD,2019-04-16,0.1533569991588592,0.1885769963264465,0.153215005993843,0.1593219935894012,0.1593219935894012,8050
Grid+ USD,GRID-USD,2019-04-17,0.1593019962310791,0.1804820001125335,0.1571760028600692,0.1797149926424026,0.1797149926424026,79
Grid+ USD,GRID-USD,2019-04-18,0.1796739995479583,0.1887309998273849,0.1629009991884231,0.1870180070400238,0.1870180070400238,520
Grid+ USD,GRID-USD,2019-04-19,0.1870789974927902,0.187946006655693,0.1836490035057068,0.1878059953451156,0.1878059953451156,24
Grid+ USD,GRID-USD,2019-04-20,0.1878059953451156,0.19097800552845,0.1869309991598129,0.1872179955244064,0.1872179955244064,23
Grid+ USD,GRID-USD,2019-04-21,0.1872179955244064,0.1948820054531097,0.1872179955244064,0.1912669986486435,0.1912669986486435,35
Grid+ USD,GRID-USD,2019-04-22,0.1912640035152435,0.1946800053119659,0.1640859991312027,0.1934169977903366,0.1934169977903366,53
Grid+ USD,GRID-USD,2019-04-23,0.1933989971876144,0.1989279985427856,0.1709430068731308,0.1928569972515106,0.1928569972515106,1850
Grid+ USD,GRID-USD,2019-04-24,0.1928569972515106,0.1930270045995712,0.1619880050420761,0.1658409982919693,0.1658409982919693,2476
Grid+ USD,GRID-USD,2019-04-25,0.1658409982919693,0.2471929937601089,0.1641419976949691,0.1834760010242462,0.1834760010242462,10639
Grid+ USD,GRID-USD,2019-04-26,0.1834899932146072,0.1877139955759048,0.1787080019712448,0.1818130016326904,0.1818130016326904,232
Grid+ USD,GRID-USD,2019-04-27,0.1818670034408569,0.2401849925518036,0.1815100014209747,0.2370280027389526,0.2370280027389526,56
Grid+ USD,GRID-USD,2019-04-28,0.2370059937238693,0.237865999341011,0.1728589981794357,0.1730359941720962,0.1730359941720962,1009
Grid+ USD,GRID-USD,2019-04-29,0.1730310022830963,0.2105379998683929,0.1620129942893982,0.1629109978675842,0.1629109978675842,8771
Grid+ USD,GRID-USD,2019-04-30,0.1629800051450729,0.2355599999427795,0.1629489958286285,0.2351049929857254,0.2351049929857254,1556
Grid+ USD,GRID-USD,2019-05-01,0.2351890057325363,0.237864002585411,0.1762229949235916,0.1771930009126663,0.1771930009126663,768
Grid+ USD,GRID-USD,2019-05-02,0.177154004573822,0.1792519986629486,0.1682409942150116,0.1783130019903183,0.1783130019903183,801
Grid+ USD,GRID-USD,2019-05-03,0.1783130019903183,0.1868990063667297,0.1672240048646927,0.1678110063076019,0.1678110063076019,672
Grid+ USD,GRID-USD,2019-05-04,0.1678110063076019,0.1705060005187988,0.1392109990119934,0.1409360021352768,0.1409360021352768,2906
Grid+ USD,GRID-USD,2019-05-05,0.1409790068864822,0.1541000008583068,0.1398909986019134,0.1526689976453781,0.1526689976453781,58
Grid+ USD,GRID-USD,2019-05-06,0.152779996395111,0.1623650044202804,0.1359570026397705,0.1602129936218261,0.1602129936218261,206
Grid+ USD,GRID-USD,2019-05-07,0.1599989980459213,0.1671909987926483,0.1596100032329559,0.159620001912117,0.159620001912117,857
Grid+ USD,GRID-USD,2019-05-08,0.1595740020275116,0.1890230029821396,0.1560830026865005,0.1877589970827102,0.1877589970827102,4704
Grid+ USD,GRID-USD,2019-05-09,0.1877460032701492,0.1897699981927871,0.1507620066404342,0.1704210042953491,0.1704210042953491,4618
Grid+ USD,GRID-USD,2019-05-10,0.1703899949789047,0.1841019988059997,0.1562779992818832,0.1577010005712509,0.1577010005712509,6903
Grid+ USD,GRID-USD,2019-05-11,0.1577010005712509,0.1785999983549118,0.1576790064573288,0.1663060039281845,0.1663060039281845,4037
Grid+ USD,GRID-USD,2019-05-12,0.1663060039281845,0.1804919987916946,0.156136006116867,0.1722469925880432,0.1722469925880432,1011
Grid+ USD,GRID-USD,2019-05-13,0.1722469925880432,0.1901569962501526,0.1507399976253509,0.1513600051403045,0.1513600051403045,2148
Grid+ USD,GRID-USD,2019-05-14,0.1514420062303543,0.1830849945545196,0.1508429944515228,0.162891000509262,0.162891000509262,2072
Grid+ USD,GRID-USD,2019-05-15,0.1629420071840286,0.2029500007629394,0.1626220047473907,0.1778430044651031,0.1778430044651031,1652
Grid+ USD,GRID-USD,2019-05-16,0.1778980046510696,0.1847870051860809,0.1636880040168762,0.1689230054616928,0.1689230054616928,4090
Grid+ USD,GRID-USD,2019-05-17,0.1690399944782257,0.1708720028400421,0.1458130031824112,0.1559270024299621,0.1559270024299621,287
Grid+ USD,GRID-USD,2019-05-18,0.1559270024299621,0.1745149940252304,0.1527879983186721,0.1572429984807968,0.1572429984807968,811
Grid+ USD,GRID-USD,2019-05-19,0.157160997390747,0.1668139994144439,0.1500580012798309,0.1574790030717849,0.1574790030717849,1570
Grid+ USD,GRID-USD,2019-05-20,0.1575170010328292,0.1599529981613159,0.1474789977073669,0.1587480008602142,0.1587480008602142,623
Grid+ USD,GRID-USD,2019-05-21,0.1587049961090088,0.1605869978666305,0.1503369957208633,0.1556819975376129,0.1556819975376129,3884
Grid+ USD,GRID-USD,2019-05-22,0.1556819975376129,0.1951259970664978,0.1532409936189651,0.1713030040264129,0.1713030040264129,8996
Grid+ USD,GRID-USD,2019-05-23,0.171315997838974,0.1838700026273727,0.1706980019807815,0.177046999335289,0.177046999335289,983
Grid+ USD,GRID-USD,2019-05-24,0.176949992775917,0.1786939948797226,0.1702129989862442,0.174695998430252,0.174695998430252,1097
Grid+ USD,GRID-USD,2019-05-25,0.174695998430252,0.1801410019397735,0.1627590060234069,0.1636179983615875,0.1636179983615875,234
Grid+ USD,GRID-USD,2019-05-26,0.1636179983615875,0.1743330061435699,0.1608899980783462,0.1737139970064163,0.1737139970064163,869
Grid+ USD,GRID-USD,2019-05-27,0.1736139953136444,0.1810020059347152,0.17255200445652,0.1774519979953766,0.1774519979953766,101
Grid+ USD,GRID-USD,2019-05-28,0.1772589981555938,0.2002779990434646,0.1628029942512512,0.1629779934883117,0.1629779934883117,5137
Grid+ USD,GRID-USD,2019-05-29,0.1629399955272674,0.1642079949378967,0.1533599942922592,0.1535679996013641,0.1535679996013641,1282
Grid+ USD,GRID-USD,2019-05-30,0.1535679996013641,0.1821379959583282,0.1220410019159317,0.1487780064344406,0.1487780064344406,20344
Grid+ USD,GRID-USD,2019-05-31,0.1487780064344406,0.1665669977664947,0.1447439938783645,0.1662109941244125,0.1662109941244125,1064
Grid+ USD,GRID-USD,2019-06-01,0.1662209928035736,0.1695639938116073,0.1529420018196106,0.1538800001144409,0.1538800001144409,976
Grid+ USD,GRID-USD,2019-06-02,0.1538800001144409,0.1691450029611587,0.1537099927663803,0.1567309945821762,0.1567309945821762,173
Grid+ USD,GRID-USD,2019-06-03,0.1567090004682541,0.1568299978971481,0.1498070061206817,0.1518449932336807,0.1518449932336807,0
Grid+ USD,GRID-USD,2019-06-04,0.1518449932336807,0.1518449932336807,0.1230460032820701,0.1257379949092865,0.1257379949092865,124
Grid+ USD,GRID-USD,2019-06-05,0.1257379949092865,0.1620599925518036,0.1237220019102096,0.1238069981336593,0.1238069981336593,3249
Grid+ USD,GRID-USD,2019-06-06,0.1237960010766983,0.1274230033159256,0.1216420009732246,0.1274130046367645,0.1274130046367645,90
Grid+ USD,GRID-USD,2019-06-07,0.1274220049381256,0.1469970047473907,0.1244790032505989,0.1259739995002746,0.1259739995002746,176
Grid+ USD,GRID-USD,2019-06-08,0.125802993774414,0.1264380067586898,0.1241950020194053,0.1248579993844032,0.1248579993844032,0
Grid+ USD,GRID-USD,2019-06-09,0.1248579993844032,0.1248579993844032,0.1060310006141662,0.1078609973192215,0.1078609973192215,2456
Grid+ USD,GRID-USD,2019-06-10,0.1078699976205825,0.1329109966754913,0.1061460003256797,0.1326929926872253,0.1326929926872253,1860
Grid+ USD,GRID-USD,2019-06-11,0.1327379941940307,0.1364839971065521,0.1287509948015213,0.1351850032806396,0.1351850032806396,68
Grid+ USD,GRID-USD,2019-06-12,0.1351850032806396,0.1434009969234466,0.1344690024852752,0.1434009969234466,0.1434009969234466,371
Grid+ USD,GRID-USD,2019-06-13,0.1435199975967407,0.1441940069198608,0.1412069946527481,0.1415469944477081,0.1415469944477081,0
Grid+ USD,GRID-USD,2019-06-14,0.1415469944477081,0.1415469944477081,0.1204330027103424,0.1235369965434074,0.1235369965434074,330
Grid+ USD,GRID-USD,2019-06-15,0.1235219985246658,0.1269419938325882,0.1077499985694885,0.1081139966845512,0.1081139966845512,9667
Grid+ USD,GRID-USD,2019-06-16,0.1081139966845512,0.1353079974651336,0.0930159986019134,0.0943650007247924,0.0943650007247924,19193
Grid+ USD,GRID-USD,2019-06-17,0.0942870005965232,0.1105450019240379,0.0597949996590614,0.0704749971628189,0.0704749971628189,36995
Grid+ USD,GRID-USD,2019-06-18,0.0704480037093162,0.0815860033035278,0.0604950003325939,0.0789360031485557,0.0789360031485557,9707
Grid+ USD,GRID-USD,2019-06-19,0.0789330005645752,0.1099649965763092,0.0788469985127449,0.0997399985790252,0.0997399985790252,6821
Grid+ USD,GRID-USD,2019-06-20,0.099760003387928,0.1147679984569549,0.0983489975333213,0.1087400019168853,0.1087400019168853,1020
Grid+ USD,GRID-USD,2019-06-21,0.1086810007691383,0.1144770011305809,0.1086810007691383,0.1143629997968673,0.1143629997968673,91
Grid+ USD,GRID-USD,2019-06-22,0.1143629997968673,0.1194429993629455,0.098030999302864,0.1083180010318756,0.1083180010318756,1718
Grid+ USD,GRID-USD,2019-06-23,0.1082720011472702,0.1114879995584487,0.107023000717163,0.1077240034937858,0.1077240034937858,907
Grid+ USD,GRID-USD,2019-06-24,0.1077240034937858,0.1186930015683174,0.0981279984116554,0.0992949977517128,0.0992949977517128,355
Grid+ USD,GRID-USD,2019-06-25,0.0993300005793571,0.1017989963293075,0.0984610021114349,0.1017989963293075,0.1017989963293075,16
Grid+ USD,GRID-USD,2019-06-26,0.1017989963293075,0.1409299969673156,0.1011269986629486,0.1313139945268631,0.1313139945268631,231
Grid+ USD,GRID-USD,2019-06-27,0.1313139945268631,0.1889899969100952,0.1250289976596832,0.1621090024709701,0.1621090024709701,28532
Grid+ USD,GRID-USD,2019-06-28,0.1621090024709701,0.1706369966268539,0.1614080071449279,0.1693139970302581,0.1693139970302581,0
Grid+ USD,GRID-USD,2019-06-29,0.1693139970302581,0.1693139970302581,0.1693139970302581,0.1693139970302581,0.1693139970302581,0
Grid+ USD,GRID-USD,2019-06-30,0.1693139970302581,0.1693139970302581,0.1017350032925605,0.1017350032925605,0.1017350032925605,1864
Grid+ USD,GRID-USD,2019-07-01,0.1017350032925605,0.1053159981966018,0.0983659997582435,0.0999030023813247,0.0999030023813247,0
Grid+ USD,GRID-USD,2019-07-02,0.0999030023813247,0.1116129979491233,0.0999030023813247,0.1107460036873817,0.1107460036873817,1052
Grid+ USD,GRID-USD,2019-07-03,0.1107570007443428,0.1144130006432533,0.1049280017614364,0.1091199964284896,0.1091199964284896,1099
Grid+ USD,GRID-USD,2019-07-04,0.1091329976916313,0.1217069998383522,0.1080539971590042,0.1137719973921775,0.1137719973921775,1621
Grid+ USD,GRID-USD,2019-07-05,0.1137949973344802,0.1175630018115043,0.1130990013480186,0.1153289973735809,0.1153289973735809,0
Grid+ USD,GRID-USD,2019-07-06,0.1153289973735809,0.1385170072317123,0.1153289973735809,0.1345089972019195,0.1345089972019195,104
Grid+ USD,GRID-USD,2019-07-07,0.1345120072364807,0.1351909935474395,0.1091609969735145,0.1222969964146614,0.1222969964146614,435
Grid+ USD,GRID-USD,2019-07-08,0.1222990006208419,0.1257040053606033,0.121397003531456,0.1253030002117157,0.1253030002117157,915
Grid+ USD,GRID-USD,2019-07-09,0.1253030002117157,0.1272789984941482,0.1161810010671615,0.1172859966754913,0.1172859966754913,108
Grid+ USD,GRID-USD,2019-07-10,0.1173790022730827,0.1189720034599304,0.1056649982929229,0.1073400005698204,0.1073400005698204,721
Grid+ USD,GRID-USD,2019-07-11,0.1073179990053176,0.1073179990053176,0.0970960035920143,0.1046250015497207,0.1046250015497207,169
Grid+ USD,GRID-USD,2019-07-12,0.1047300025820732,0.1086720004677772,0.1044740006327629,0.1076309978961944,0.1076309978961944,0
Grid+ USD,GRID-USD,2019-07-13,0.1076309978961944,0.1076309978961944,0.0947069972753524,0.0969899967312812,0.0969899967312812,194
Grid+ USD,GRID-USD,2019-07-14,0.0970019996166229,0.0970730036497116,0.0727559998631477,0.073012001812458,0.073012001812458,609
Grid+ USD,GRID-USD,2019-07-15,0.0728230029344558,0.0752319991588592,0.0672660022974014,0.0743340030312538,0.0743340030312538,0
Grid+ USD,GRID-USD,2019-07-16,0.0743340030312538,0.0743340030312538,0.0632610023021698,0.0658489987254142,0.0658489987254142,328
Grid+ USD,GRID-USD,2019-07-17,0.0657360032200813,0.0930700004100799,0.0657130032777786,0.0782700031995773,0.0782700031995773,668
Grid+ USD,GRID-USD,2019-07-18,0.0782350003719329,0.098532997071743,0.0769850015640258,0.0973879992961883,0.0973879992961883,24
Grid+ USD,GRID-USD,2019-07-19,0.0973879992961883,0.0975980013608932,0.0929239988327026,0.0938429981470108,0.0938429981470108,0
Grid+ USD,GRID-USD,2019-07-20,0.0938429981470108,0.0938429981470108,0.0938429981470108,0.0938429981470108,0.0938429981470108,0
Grid+ USD,GRID-USD,2019-07-21,0.0938429981470108,0.0938429981470108,0.0938429981470108,0.0938429981470108,0.0938429981470108,0
Grid+ USD,GRID-USD,2019-07-22,0.0938429981470108,0.0938429981470108,0.0799390003085136,0.0804890021681785,0.0804890021681785,310
Grid+ USD,GRID-USD,2019-07-23,0.080494999885559,0.0808300003409385,0.0775680020451545,0.0787400007247924,0.0787400007247924,136
Grid+ USD,GRID-USD,2019-07-24,0.0787400007247924,0.0805049985647201,0.0754399970173835,0.0803629979491233,0.0803629979491233,140
Grid+ USD,GRID-USD,2019-07-25,0.0803200006484985,0.0829830020666122,0.0800009965896606,0.0821470022201538,0.0821470022201538,0
Grid+ USD,GRID-USD,2019-07-26,0.0821470022201538,0.0821470022201538,0.0821470022201538,0.0821470022201538,0.0821470022201538,0
Grid+ USD,GRID-USD,2019-07-27,0.0821470022201538,0.0821470022201538,0.0821470022201538,0.0821470022201538,0.0821470022201538,0
Grid+ USD,GRID-USD,2019-07-28,0.0821470022201538,0.0821470022201538,0.0821470022201538,0.0821470022201538,0.0821470022201538,0
Grid+ USD,GRID-USD,2019-07-29,0.0821470022201538,0.0965470001101493,0.0821470022201538,0.0965470001101493,0.0965470001101493,2542
Grid+ USD,GRID-USD,2019-07-30,0.0965560004115104,0.0967589989304542,0.0910239964723587,0.0926330015063285,0.0926330015063285,957
Grid+ USD,GRID-USD,2019-07-31,0.0926249995827674,0.0961809977889061,0.0925939977169036,0.0961610004305839,0.0961610004305839,546
Grid+ USD,GRID-USD,2019-08-01,0.0962240025401115,0.1021599993109703,0.0941250026226043,0.1018769964575767,0.1018769964575767,219
Grid+ USD,GRID-USD,2019-08-02,0.1018880009651184,0.1020200029015541,0.0906929969787597,0.0914940014481544,0.0914940014481544,917
Grid+ USD,GRID-USD,2019-08-03,0.0915189981460571,0.0915519967675209,0.0914719998836517,0.0914719998836517,0.0914719998836517,0
Grid+ USD,GRID-USD,2019-08-04,0.0914719998836517,0.0914719998836517,0.0914719998836517,0.0914719998836517,0.0914719998836517,0
Grid+ USD,GRID-USD,2019-08-05,0.0914719998836517,0.0914719998836517,0.0914719998836517,0.0914719998836517,0.0914719998836517,0
Grid+ USD,GRID-USD,2019-08-06,0.0914719998836517,0.1125670000910759,0.0914719998836517,0.1064070016145706,0.1064070016145706,655
Grid+ USD,GRID-USD,2019-08-07,0.1063980013132095,0.1070050001144409,0.0834790021181106,0.0848399996757507,0.0848399996757507,308
Grid+ USD,GRID-USD,2019-08-08,0.0848399996757507,0.0849950015544891,0.0763389989733696,0.0774649977684021,0.0774649977684021,84
Grid+ USD,GRID-USD,2019-08-09,0.0774469971656799,0.0776079967617988,0.0730340033769607,0.0736199989914894,0.0736199989914894,0
Grid+ USD,GRID-USD,2019-08-10,0.0736199989914894,0.0736199989914894,0.0736199989914894,0.0736199989914894,0.0736199989914894,0
Grid+ USD,GRID-USD,2019-08-11,0.0736199989914894,0.0736199989914894,0.0736199989914894,0.0736199989914894,0.0736199989914894,0
Grid+ USD,GRID-USD,2019-08-12,0.0736199989914894,0.0736199989914894,0.0736199989914894,0.0736199989914894,0.0736199989914894,0
Grid+ USD,GRID-USD,2019-08-13,0.0736199989914894,0.0736199989914894,0.0736199989914894,0.0736199989914894,0.0736199989914894,0
Grid+ USD,GRID-USD,2019-08-14,0.0736199989914894,0.0736199989914894,0.0614980012178421,0.0615850016474723,0.0615850016474723,874
Grid+ USD,GRID-USD,2019-08-15,0.0615850016474723,0.0624869987368583,0.0490330010652542,0.0584429986774921,0.0584429986774921,589
Grid+ USD,GRID-USD,2019-08-16,0.0584359988570213,0.0585570000112056,0.0560510009527206,0.0573589988052845,0.0573589988052845,0
Grid+ USD,GRID-USD,2019-08-17,0.0573589988052845,0.0573589988052845,0.0573589988052845,0.0573589988052845,0.0573589988052845,0
Grid+ USD,GRID-USD,2019-08-18,0.0573589988052845,0.0573589988052845,0.0573589988052845,0.0573589988052845,0.0573589988052845,0
Grid+ USD,GRID-USD,2019-08-19,0.0573589988052845,0.0688859969377517,0.0573589988052845,0.0686950013041496,0.0686950013041496,451
Grid+ USD,GRID-USD,2019-08-20,0.0686950013041496,0.0687279999256134,0.0661910027265548,0.0665410012006759,0.0665410012006759,0
Grid+ USD,GRID-USD,2019-08-21,0.0665410012006759,0.0665410012006759,0.0665410012006759,0.0665410012006759,0.0665410012006759,0
Grid+ USD,GRID-USD,2019-08-22,0.0665410012006759,0.0665410012006759,0.0665410012006759,0.0665410012006759,0.0665410012006759,0
Grid+ USD,GRID-USD,2019-08-23,0.0665410012006759,0.0665410012006759,0.0665410012006759,0.0665410012006759,0.0665410012006759,0
Grid+ USD,GRID-USD,2019-08-24,0.0665410012006759,0.0665410012006759,0.0665410012006759,0.0665410012006759,0.0665410012006759,0
Grid+ USD,GRID-USD,2019-08-25,0.0665410012006759,0.0665410012006759,0.0665410012006759,0.0665410012006759,0.0665410012006759,0
Grid+ USD,GRID-USD,2019-08-26,0.0665410012006759,0.0665410012006759,0.0665410012006759,0.0665410012006759,0.0665410012006759,0
Grid+ USD,GRID-USD,2019-08-27,0.0665410012006759,0.0665410012006759,0.0665410012006759,0.0665410012006759,0.0665410012006759,0
Grid+ USD,GRID-USD,2019-08-28,0.0665410012006759,0.0665410012006759,0.0665410012006759,0.0665410012006759,0.0665410012006759,0
Grid+ USD,GRID-USD,2019-08-29,0.0665410012006759,0.0665410012006759,0.0665410012006759,0.0665410012006759,0.0665410012006759,0
Grid+ USD,GRID-USD,2019-08-30,0.0665410012006759,0.0665410012006759,0.0665410012006759,0.0665410012006759,0.0665410012006759,0
Grid+ USD,GRID-USD,2019-08-31,0.0665410012006759,0.0665410012006759,0.0665410012006759,0.0665410012006759,0.0665410012006759,0
Grid+ USD,GRID-USD,2019-09-01,0.0665410012006759,0.0665410012006759,0.0475479997694492,0.0481709986925125,0.0481709986925125,23
Grid+ USD,GRID-USD,2019-09-02,0.0481429994106292,0.0505490005016326,0.0479120016098022,0.0500559993088245,0.0500559993088245,82
Grid+ USD,GRID-USD,2019-09-03,0.0500519983470439,0.0504859983921051,0.0497860014438629,0.0504529997706413,0.0504529997706413,0
Grid+ USD,GRID-USD,2019-09-04,0.0504529997706413,0.0504529997706413,0.0504529997706413,0.0504529997706413,0.0504529997706413,0
Grid+ USD,GRID-USD,2019-09-05,0.0504529997706413,0.0650629997253418,0.0504529997706413,0.0643490031361579,0.0643490031361579,115
Grid+ USD,GRID-USD,2019-09-06,0.0643490031361579,0.064580999314785,0.0639519989490509,0.0644629970192909,0.0644629970192909,0
Grid+ USD,GRID-USD,2019-09-07,0.0644629970192909,0.0644629970192909,0.0644629970192909,0.0644629970192909,0.0644629970192909,0
Grid+ USD,GRID-USD,2019-09-08,0.0644629970192909,0.0644629970192909,0.0514920018613338,0.0519170016050338,0.0519170016050338,92
Grid+ USD,GRID-USD,2019-09-09,0.0519170016050338,0.05197099968791,0.0511230006814003,0.051316998898983,0.051316998898983,0
Grid+ USD,GRID-USD,2019-09-10,0.051316998898983,0.051316998898983,0.051316998898983,0.051316998898983,0.051316998898983,0
Grid+ USD,GRID-USD,2019-09-11,0.051316998898983,0.051316998898983,0.051316998898983,0.051316998898983,0.051316998898983,0
Grid+ USD,GRID-USD,2019-09-12,0.051316998898983,0.0636930018663406,0.051316998898983,0.0633210018277168,0.0633210018277168,90
Grid+ USD,GRID-USD,2019-09-13,0.0633210018277168,0.0635289996862411,0.0626740008592605,0.0627420023083686,0.0627420023083686,0
Grid+ USD,GRID-USD,2019-09-14,0.0627420023083686,0.0627420023083686,0.0627420023083686,0.0627420023083686,0.0627420023083686,0
Grid+ USD,GRID-USD,2019-09-15,0.0627420023083686,0.0627420023083686,0.0627420023083686,0.0627420023083686,0.0627420023083686,0
Grid+ USD,GRID-USD,2019-09-16,0.0627420023083686,0.0627420023083686,0.0627420023083686,0.0627420023083686,0.0627420023083686,0
Grid+ USD,GRID-USD,2019-09-17,0.0627420023083686,0.0627420023083686,0.0627420023083686,0.0627420023083686,0.0627420023083686,0
Grid+ USD,GRID-USD,2019-09-18,0.0627420023083686,0.0627420023083686,0.0627420023083686,0.0627420023083686,0.0627420023083686,0
Grid+ USD,GRID-USD,2019-09-19,0.0627420023083686,0.064530998468399,0.0592859983444213,0.0642179995775222,0.0642179995775222,87
Grid+ USD,GRID-USD,2019-09-20,0.0640880018472671,0.0641459971666336,0.0640399977564811,0.0640579983592033,0.0640579983592033,0
Grid+ USD,GRID-USD,2019-09-21,0.0640579983592033,0.0640579983592033,0.0640579983592033,0.0640579983592033,0.0640579983592033,0
Grid+ USD,GRID-USD,2019-09-22,0.0640579983592033,0.0657479986548423,0.0640579983592033,0.0655879974365234,0.0655879974365234,44
Grid+ USD,GRID-USD,2019-09-23,0.0656180009245872,0.0656730011105537,0.0646080002188682,0.0651749968528747,0.0651749968528747,0
Grid+ USD,GRID-USD,2019-09-24,0.0651749968528747,0.0651749968528747,0.0457470007240772,0.0472339987754821,0.0472339987754821,129
Grid+ USD,GRID-USD,2019-09-25,0.0472409985959529,0.0490880012512207,0.0470970012247562,0.0483269989490509,0.0483269989490509,0
Grid+ USD,GRID-USD,2019-09-26,0.0483269989490509,0.0483269989490509,0.0483269989490509,0.0483269989490509,0.0483269989490509,0
Grid+ USD,GRID-USD,2019-09-27,0.0483269989490509,0.0483269989490509,0.0483269989490509,0.0483269989490509,0.0483269989490509,0
Grid+ USD,GRID-USD,2019-09-28,0.0483269989490509,0.0483269989490509,0.0483269989490509,0.0483269989490509,0.0483269989490509,0
Grid+ USD,GRID-USD,2019-09-29,0.0483269989490509,0.0483269989490509,0.0483269989490509,0.0483269989490509,0.0483269989490509,0
Grid+ USD,GRID-USD,2019-09-30,0.0483269989490509,0.0483269989490509,0.0483269989490509,0.0483269989490509,0.0483269989490509,0
Grid+ USD,GRID-USD,2019-10-01,0.0483269989490509,0.0483269989490509,0.0483269989490509,0.0483269989490509,0.0483269989490509,0
Grid+ USD,GRID-USD,2019-10-02,0.0483269989490509,0.0483269989490509,0.0483269989490509,0.0483269989490509,0.0483269989490509,0
Grid+ USD,GRID-USD,2019-10-03,0.0483269989490509,0.0483269989490509,0.0483269989490509,0.0483269989490509,0.0483269989490509,0
Grid+ USD,GRID-USD,2019-10-04,0.0483269989490509,0.0483269989490509,0.0483269989490509,0.0483269989490509,0.0483269989490509,0
Grid+ USD,GRID-USD,2019-10-05,0.0483269989490509,0.0483269989490509,0.0483269989490509,0.0483269989490509,0.0483269989490509,0
Grid+ USD,GRID-USD,2019-10-06,0.0483269989490509,0.0483269989490509,0.0483269989490509,0.0483269989490509,0.0483269989490509,0
Grid+ USD,GRID-USD,2019-10-07,0.0483269989490509,0.0483269989490509,0.0483269989490509,0.0483269989490509,0.0483269989490509,0
Grid+ USD,GRID-USD,2019-10-08,0.0483269989490509,0.0483269989490509,0.0483269989490509,0.0483269989490509,0.0483269989490509,0
Grid+ USD,GRID-USD,2019-10-09,0.0483269989490509,0.0483269989490509,0.0483269989490509,0.0483269989490509,0.0483269989490509,0
Grid+ USD,GRID-USD,2019-10-10,0.0483269989490509,0.0483269989490509,0.0483269989490509,0.0483269989490509,0.0483269989490509,0
Grid+ USD,GRID-USD,2019-10-11,0.0483269989490509,0.0483269989490509,0.0483269989490509,0.0483269989490509,0.0483269989490509,0
Grid+ USD,GRID-USD,2019-10-12,0.0483269989490509,0.0483269989490509,0.0483269989490509,0.0483269989490509,0.0483269989490509,0
Grid+ USD,GRID-USD,2019-10-13,0.0483269989490509,0.0483269989490509,0.0483269989490509,0.0483269989490509,0.0483269989490509,0
Grid+ USD,GRID-USD,2019-10-14,0.0483269989490509,0.0526340007781982,0.0483269989490509,0.052531000226736,0.052531000226736,140
Grid+ USD,GRID-USD,2019-10-15,0.0525490008294582,0.0527799986302852,0.0486389994621276,0.0491760000586509,0.0491760000586509,366
Grid+ USD,GRID-USD,2019-10-16,0.0491539984941482,0.0492409989237785,0.0435299985110759,0.0440189987421035,0.0440189987421035,130
Grid+ USD,GRID-USD,2019-10-17,0.0439790003001689,0.0439790003001689,0.0397940017282962,0.0401149988174438,0.0401149988174438,179
Grid+ USD,GRID-USD,2019-10-18,0.0401149988174438,0.0455860011279583,0.0384749993681907,0.0451470017433166,0.0451470017433166,123
Grid+ USD,GRID-USD,2019-10-19,0.0451410003006458,0.0491750016808509,0.0448689982295036,0.0484080016613006,0.0484080016613006,148
Grid+ USD,GRID-USD,2019-10-20,0.0484489984810352,0.0484660007059574,0.047954998910427,0.0481700003147125,0.0481700003147125,0
Grid+ USD,GRID-USD,2019-10-21,0.0481700003147125,0.0481700003147125,0.0459930002689361,0.0464389994740486,0.0464389994740486,46
Grid+ USD,GRID-USD,2019-10-22,0.0464389994740486,0.0466389991343021,0.0463050007820129,0.0463659986853599,0.0463659986853599,0
Grid+ USD,GRID-USD,2019-10-23,0.0463659986853599,0.0463659986853599,0.0346259996294975,0.035725001245737,0.035725001245737,760
Grid+ USD,GRID-USD,2019-10-24,0.035725001245737,0.0413240008056163,0.0322169996798038,0.0324559994041919,0.0324559994041919,268
Grid+ USD,GRID-USD,2019-10-25,0.0324559994041919,0.0451360009610652,0.0324370004236698,0.0450889989733696,0.0450889989733696,690
Grid+ USD,GRID-USD,2019-10-26,0.0450679995119571,0.0486400015652179,0.04042299836874,0.0413670018315315,0.0413670018315315,27
Grid+ USD,GRID-USD,2019-10-27,0.0413840003311634,0.0421109981834888,0.0408740006387233,0.0419050008058548,0.0419050008058548,0
Grid+ USD,GRID-USD,2019-10-28,0.0419050008058548,0.0419050008058548,0.0288660004734992,0.0292520001530647,0.0292520001530647,2071
Grid+ USD,GRID-USD,2019-10-29,0.0292409993708133,0.0328250005841255,0.0291980002075433,0.0325930006802082,0.0325930006802082,799
Grid+ USD,GRID-USD,2019-10-30,0.0325829982757568,0.0327150002121925,0.0263219997286796,0.0323430001735687,0.0323430001735687,2554
Grid+ USD,GRID-USD,2019-10-31,0.0323229990899562,0.0369359999895095,0.0316799990832805,0.0368079990148544,0.0368079990148544,1403
Grid+ USD,GRID-USD,2019-11-01,0.0367930009961128,0.0400089994072914,0.0358709990978241,0.0364460013806819,0.0364460013806819,586
Grid+ USD,GRID-USD,2019-11-02,0.0364460013806819,0.0366030000150203,0.0363540016114711,0.0363820008933544,0.0363820008933544,0
Grid+ USD,GRID-USD,2019-11-03,0.0363820008933544,0.0363820008933544,0.0363820008933544,0.0363820008933544,0.0363820008933544,0
Grid+ USD,GRID-USD,2019-11-04,0.0363820008933544,0.0390839986503124,0.0363820008933544,0.0387369990348815,0.0387369990348815,31
Grid+ USD,GRID-USD,2019-11-05,0.0387369990348815,0.0513460002839565,0.0382909998297691,0.0511589981615543,0.0511589981615543,766
Grid+ USD,GRID-USD,2019-11-06,0.0511410012841224,0.0511410012841224,0.0347310006618499,0.0352820008993148,0.0352820008993148,259
Grid+ USD,GRID-USD,2019-11-07,0.0352779999375343,0.0353050008416175,0.0317520014941692,0.0347759984433651,0.0347759984433651,1303
Grid+ USD,GRID-USD,2019-11-08,0.0347829982638359,0.0349280014634132,0.0337710008025169,0.0340309999883174,0.0340309999883174,0
Grid+ USD,GRID-USD,2019-11-09,0.0340309999883174,0.0340309999883174,0.0340309999883174,0.0340309999883174,0.0340309999883174,0
Grid+ USD,GRID-USD,2019-11-10,0.0340309999883174,0.0362700000405311,0.0331580005586147,0.0331749990582466,0.0331749990582466,78
Grid+ USD,GRID-USD,2019-11-11,0.0331749990582466,0.0380050018429756,0.0304170008748769,0.0333800017833709,0.0333800017833709,468
Grid+ USD,GRID-USD,2019-11-12,0.0333819985389709,0.0337029993534088,0.0333519987761974,0.0335519984364509,0.0335519984364509,0
Grid+ USD,GRID-USD,2019-11-13,0.0335519984364509,0.0335519984364509,0.0335519984364509,0.0335519984364509,0.0335519984364509,0
Grid+ USD,GRID-USD,2019-11-14,0.0335519984364509,0.0335519984364509,0.0335519984364509,0.0335519984364509,0.0335519984364509,0
Grid+ USD,GRID-USD,2019-11-15,0.0335519984364509,0.0335519984364509,0.0278249997645616,0.0279859993606805,0.0279859993606805,688
Grid+ USD,GRID-USD,2019-11-16,0.0279929991811513,0.0297020003199577,0.0279109999537467,0.0295809991657733,0.0295809991657733,259
Grid+ USD,GRID-USD,2019-11-17,0.0295809991657733,0.0338760018348693,0.0294129997491836,0.0333289988338947,0.0333289988338947,29
Grid+ USD,GRID-USD,2019-11-18,0.0333269983530044,0.033645998686552,0.033084001392126,0.0331900008022785,0.0331900008022785,0
Grid+ USD,GRID-USD,2019-11-19,0.0331900008022785,0.0739419981837272,0.0227780006825923,0.0479080006480217,0.0479080006480217,3052
Grid+ USD,GRID-USD,2019-11-20,0.0479080006480217,0.0749059990048408,0.0319349989295005,0.0363640002906322,0.0363640002906322,5334
Grid+ USD,GRID-USD,2019-11-21,0.0363739989697933,0.0477349981665611,0.0352180004119873,0.0395539999008178,0.0395539999008178,389
Grid+ USD,GRID-USD,2019-11-22,0.0395539999008178,0.0399429984390735,0.0362580008804798,0.036846999078989,0.036846999078989,0
Grid+ USD,GRID-USD,2019-11-23,0.036846999078989,0.036846999078989,0.036846999078989,0.036846999078989,0.036846999078989,0
Grid+ USD,GRID-USD,2019-11-24,0.036846999078989,0.036846999078989,0.0314439982175827,0.0314439982175827,0.0314439982175827,43
Grid+ USD,GRID-USD,2019-11-25,0.0314269997179508,0.033025998622179,0.0294139999896287,0.0327019989490509,0.0327019989490509,0
Grid+ USD,GRID-USD,2019-11-26,0.0327019989490509,0.0327019989490509,0.0327019989490509,0.0327019989490509,0.0327019989490509,0
Grid+ USD,GRID-USD,2019-11-27,0.0327019989490509,0.0327019989490509,0.0327019989490509,0.0327019989490509,0.0327019989490509,0
Grid+ USD,GRID-USD,2019-11-28,0.0327019989490509,0.0327019989490509,0.0327019989490509,0.0327019989490509,0.0327019989490509,0
Grid+ USD,GRID-USD,2019-11-29,0.0327019989490509,0.0327019989490509,0.0327019989490509,0.0327019989490509,0.0327019989490509,0
Grid+ USD,GRID-USD,2019-11-30,0.0327019989490509,0.0327019989490509,0.0327019989490509,0.0327019989490509,0.0327019989490509,0
Grid+ USD,GRID-USD,2019-12-01,0.0327019989490509,0.0327019989490509,0.0327019989490509,0.0327019989490509,0.0327019989490509,0
Grid+ USD,GRID-USD,2019-12-02,0.0327019989490509,0.0327019989490509,0.0327019989490509,0.0327019989490509,0.0327019989490509,0
Grid+ USD,GRID-USD,2019-12-03,0.0327019989490509,0.0435089990496635,0.0327019989490509,0.0429410003125667,0.0429410003125667,67
Grid+ USD,GRID-USD,2019-12-04,0.0429159998893737,0.0436890013515949,0.0420619994401931,0.0432920008897781,0.0432920008897781,0
Grid+ USD,GRID-USD,2019-12-05,0.0432920008897781,0.0628350004553794,0.0432920008897781,0.0626730024814605,0.0626730024814605,67
Grid+ USD,GRID-USD,2019-12-06,0.0626910030841827,0.0628539994359016,0.0619889982044696,0.062219999730587,0.062219999730587,0
Grid+ USD,GRID-USD,2019-12-07,0.062219999730587,0.0626619979739189,0.062219999730587,0.0625379979610443,0.0625379979610443,355
Grid+ USD,GRID-USD,2019-12-08,0.0624810010194778,0.0640010014176368,0.0622910000383853,0.0635579973459243,0.0635579973459243,0
Grid+ USD,GRID-USD,2019-12-09,0.0635579973459243,0.0713469982147216,0.0635579973459243,0.0709099993109703,0.0709099993109703,108
Grid+ USD,GRID-USD,2019-12-10,0.0708530023694038,0.0710330009460449,0.0575889982283115,0.063510000705719,0.063510000705719,213
Grid+ USD,GRID-USD,2019-12-11,0.0634799972176551,0.0689800009131431,0.0580459982156753,0.0689539983868599,0.0689539983868599,234
Grid+ USD,GRID-USD,2019-12-12,0.0689539983868599,0.0690559968352317,0.050340000540018,0.0515139997005462,0.0515139997005462,40
Grid+ USD,GRID-USD,2019-12-13,0.0514950007200241,0.0696929991245269,0.0512950010597705,0.0695889964699745,0.0695889964699745,129
Grid+ USD,GRID-USD,2019-12-14,0.0695900022983551,0.0696730017662048,0.0571129992604255,0.0571230016648769,0.0571230016648769,160
Grid+ USD,GRID-USD,2019-12-15,0.0571580007672309,0.0691019967198371,0.0557829998433589,0.068691000342369,0.068691000342369,316
Grid+ USD,GRID-USD,2019-12-16,0.0687109977006912,0.0687640011310577,0.0677430033683776,0.0681470036506652,0.0681470036506652,0
Grid+ USD,GRID-USD,2019-12-17,0.0681470036506652,0.0681470036506652,0.0442150011658668,0.057303998619318,0.057303998619318,819
Grid+ USD,GRID-USD,2019-12-18,0.057303998619318,0.0576580017805099,0.0406900011003017,0.0452740006148815,0.0452740006148815,589
Grid+ USD,GRID-USD,2019-12-19,0.0452740006148815,0.0456489995121955,0.0428510010242462,0.0433750003576278,0.0433750003576278,0
Grid+ USD,GRID-USD,2019-12-20,0.0433750003576278,0.0433750003576278,0.0433750003576278,0.0433750003576278,0.0433750003576278,0
Grid+ USD,GRID-USD,2019-12-21,0.0433750003576278,0.0513609983026981,0.0433750003576278,0.0512420013546943,0.0512420013546943,217
Grid+ USD,GRID-USD,2019-12-22,0.0512569993734359,0.0526520013809204,0.0511730015277862,0.0526069998741149,0.0526069998741149,0
Grid+ USD,GRID-USD,2019-12-23,0.0526069998741149,0.0526069998741149,0.0526069998741149,0.0526069998741149,0.0526069998741149,0
Grid+ USD,GRID-USD,2019-12-24,0.0526069998741149,0.0526069998741149,0.0526069998741149,0.0526069998741149,0.0526069998741149,0
Grid+ USD,GRID-USD,2019-12-25,0.0526069998741149,0.0526069998741149,0.0526069998741149,0.0526069998741149,0.0526069998741149,0
Grid+ USD,GRID-USD,2019-12-26,0.0526069998741149,0.0526069998741149,0.0526069998741149,0.0526069998741149,0.0526069998741149,0
Grid+ USD,GRID-USD,2019-12-27,0.0526069998741149,0.0609310008585453,0.0490790009498596,0.0605180002748966,0.0605180002748966,41
Grid+ USD,GRID-USD,2019-12-28,0.060513999313116,0.0610890015959739,0.0603629983961582,0.0610219985246658,0.0610219985246658,0
Grid+ USD,GRID-USD,2019-12-29,0.0610219985246658,0.0610219985246658,0.0610219985246658,0.0610219985246658,0.0610219985246658,0
Grid+ USD,GRID-USD,2019-12-30,0.0610219985246658,0.0638089999556541,0.0473180003464221,0.0634339973330497,0.0634339973330497,442
Grid+ USD,GRID-USD,2019-12-31,0.0634180009365081,0.0634640008211135,0.0376459993422031,0.0388940013945102,0.0388940013945102,340
Grid+ USD,GRID-USD,2020-01-01,0.0388940013945102,0.0396870002150535,0.0387599989771842,0.0396559983491897,0.0396559983491897,0
Grid+ USD,GRID-USD,2020-01-02,0.0396559983491897,0.0396559983491897,0.0396559983491897,0.0396559983491897,0.0396559983491897,0
Grid+ USD,GRID-USD,2020-01-03,0.0396559983491897,0.0396559983491897,0.0396559983491897,0.0396559983491897,0.0396559983491897,0
Grid+ USD,GRID-USD,2020-01-04,0.0396559983491897,0.0396559983491897,0.0360700003802776,0.0366180017590522,0.0366180017590522,42
Grid+ USD,GRID-USD,2020-01-05,0.0366070009768009,0.0371289998292923,0.0365980006754398,0.0370469987392425,0.0370469987392425,0
Grid+ USD,GRID-USD,2020-01-06,0.0370469987392425,0.0370469987392425,0.0370469987392425,0.0370469987392425,0.0370469987392425,0
Grid+ USD,GRID-USD,2020-01-07,0.0370469987392425,0.0370469987392425,0.0370469987392425,0.0370469987392425,0.0370469987392425,0
Grid+ USD,GRID-USD,2020-01-08,0.0370469987392425,0.0529959984123706,0.0370469987392425,0.0523479990661144,0.0523479990661144,29
Grid+ USD,GRID-USD,2020-01-09,0.0522949993610382,0.0523470006883144,0.0511259995400905,0.0514880008995533,0.0514880008995533,0
Grid+ USD,GRID-USD,2020-01-10,0.0514880008995533,0.0514880008995533,0.0365849994122982,0.0503429993987083,0.0503429993987083,252
Grid+ USD,GRID-USD,2020-01-11,0.0501580014824867,0.0505230017006397,0.0426950007677078,0.0428950004279613,0.0428950004279613,29
Grid+ USD,GRID-USD,2020-01-12,0.0428749993443489,0.0436110012233257,0.0428109988570213,0.0431800000369548,0.0431800000369548,0
Grid+ USD,GRID-USD,2020-01-13,0.0431800000369548,0.0431800000369548,0.0431800000369548,0.0431800000369548,0.0431800000369548,0
Grid+ USD,GRID-USD,2020-01-14,0.0431800000369548,0.0431800000369548,0.0431800000369548,0.0431800000369548,0.0431800000369548,0
Grid+ USD,GRID-USD,2020-01-15,0.0431800000369548,0.0431800000369548,0.0431800000369548,0.0431800000369548,0.0431800000369548,0
Grid+ USD,GRID-USD,2020-01-16,0.0431800000369548,0.0462369993329048,0.0387229993939399,0.0460180006921291,0.0460180006921291,253
Grid+ USD,GRID-USD,2020-01-17,0.0460320003330707,0.0475599989295005,0.0455810017883777,0.0470839999616146,0.0470839999616146,0
Grid+ USD,GRID-USD,2020-01-18,0.0470839999616146,0.0470839999616146,0.0470839999616146,0.0470839999616146,0.0470839999616146,0
Grid+ USD,GRID-USD,2020-01-19,0.0470839999616146,0.0470839999616146,0.0470839999616146,0.0470839999616146,0.0470839999616146,0
Grid+ USD,GRID-USD,2020-01-20,0.0470839999616146,0.0470839999616146,0.0470839999616146,0.0470839999616146,0.0470839999616146,0
Grid+ USD,GRID-USD,2020-01-21,0.0470839999616146,0.0470839999616146,0.0414539985358715,0.0424240007996559,0.0424240007996559,10
Grid+ USD,GRID-USD,2020-01-22,0.0424060001969337,0.065710999071598,0.041933000087738,0.0656400024890899,0.0656400024890899,1346
Grid+ USD,GRID-USD,2020-01-23,0.0656339973211288,0.0656580030918121,0.0577140003442764,0.0586870014667511,0.0586870014667511,24
Grid+ USD,GRID-USD,2020-01-24,0.05867899954319,0.0588180013000965,0.0564359985291957,0.0585890002548694,0.0585890002548694,0
Grid+ USD,GRID-USD,2020-01-25,0.0585890002548694,0.0585890002548694,0.0585890002548694,0.0585890002548694,0.0585890002548694,0
Grid+ USD,GRID-USD,2020-01-26,0.0585890002548694,0.0656120032072067,0.0517340004444122,0.0655680000782013,0.0655680000782013,145
Grid+ USD,GRID-USD,2020-01-27,0.0655779987573623,0.0662129968404769,0.0576139986515045,0.058092001825571,0.058092001825571,35
Grid+ USD,GRID-USD,2020-01-28,0.0581200011074543,0.0591670013964176,0.0571129992604255,0.0582010000944137,0.0582010000944137,26
Grid+ USD,GRID-USD,2020-01-29,0.0582010000944137,0.0590320006012916,0.0579439997673034,0.0584749989211559,0.0584749989211559,0
Grid+ USD,GRID-USD,2020-01-30,0.0584749989211559,0.0584749989211559,0.0584749989211559,0.0584749989211559,0.0584749989211559,0
Grid+ USD,GRID-USD,2020-01-31,0.0584749989211559,0.0584749989211559,0.0584749989211559,0.0584749989211559,0.0584749989211559,0
Grid+ USD,GRID-USD,2020-02-01,0.0584749989211559,0.0584749989211559,0.0584749989211559,0.0584749989211559,0.0584749989211559,0
Grid+ USD,GRID-USD,2020-02-02,0.0584749989211559,0.063119001686573,0.0584749989211559,0.0586340017616748,0.0586340017616748,118
Grid+ USD,GRID-USD,2020-02-03,0.0586340017616748,0.0601719990372657,0.0584740005433559,0.0589220002293586,0.0589220002293586,0
Grid+ USD,GRID-USD,2020-02-04,0.0589220002293586,0.0631380006670951,0.0587170012295246,0.0630360022187233,0.0630360022187233,317
Grid+ USD,GRID-USD,2020-02-05,0.063069000840187,0.0682080015540123,0.0629220008850097,0.0682080015540123,0.0682080015540123,0
Grid+ USD,GRID-USD,2020-02-06,0.0682080015540123,0.0682080015540123,0.0682080015540123,0.0682080015540123,0.0682080015540123,0
Grid+ USD,GRID-USD,2020-02-07,0.0682080015540123,0.0682080015540123,0.0682080015540123,0.0682080015540123,0.0682080015540123,0
Grid+ USD,GRID-USD,2020-02-08,0.0682080015540123,0.0827689990401268,0.0682080015540123,0.0822919979691505,0.0822919979691505,19
Grid+ USD,GRID-USD,2020-02-09,0.0822639986872673,0.0847579985857009,0.0788619965314865,0.0800030007958412,0.0800030007958412,35
Grid+ USD,GRID-USD,2020-02-10,0.0800070017576217,0.0802190005779266,0.076335996389389,0.0775220021605491,0.0775220021605491,0
Grid+ USD,GRID-USD,2020-02-11,0.0775220021605491,0.0775220021605491,0.0775220021605491,0.0775220021605491,0.0775220021605491,0
Grid+ USD,GRID-USD,2020-02-12,0.0775220021605491,0.0775220021605491,0.0775220021605491,0.0775220021605491,0.0775220021605491,0
Grid+ USD,GRID-USD,2020-02-13,0.0775220021605491,0.0861900001764297,0.0775220021605491,0.0857449993491172,0.0857449993491172,31
Grid+ USD,GRID-USD,2020-02-14,0.0857940018177032,0.0896409973502159,0.0841099992394447,0.0896409973502159,0.0896409973502159,0
Grid+ USD,GRID-USD,2020-02-15,0.0896409973502159,0.0896409973502159,0.0896409973502159,0.0896409973502159,0.0896409973502159,0
Grid+ USD,GRID-USD,2020-02-16,0.0896409973502159,0.0896409973502159,0.0896409973502159,0.0896409973502159,0.0896409973502159,0
Grid+ USD,GRID-USD,2020-02-17,0.0896409973502159,0.0896409973502159,0.0896409973502159,0.0896409973502159,0.0896409973502159,0
Grid+ USD,GRID-USD,2020-02-18,0.0896409973502159,0.0991190001368522,0.0784519985318183,0.0986339971423149,0.0986339971423149,466
Grid+ USD,GRID-USD,2020-02-19,0.0987119972705841,0.0987119972705841,0.0856250002980232,0.088587000966072,0.088587000966072,322
Grid+ USD,GRID-USD,2020-02-20,0.0882899984717369,0.0885799974203109,0.0753820016980171,0.0775019973516464,0.0775019973516464,313
Grid+ USD,GRID-USD,2020-02-21,0.0774089992046356,0.0881119966506958,0.0770969986915588,0.0875340029597282,0.0875340029597282,305
Grid+ USD,GRID-USD,2020-02-22,0.0876490026712417,0.087909996509552,0.0777110010385513,0.0787080004811286,0.0787080004811286,75
Grid+ USD,GRID-USD,2020-02-23,0.0787080004811286,0.0815490037202835,0.0786010026931762,0.0815389975905418,0.0815389975905418,0
Grid+ USD,GRID-USD,2020-02-24,0.0815389975905418,0.0815389975905418,0.0815389975905418,0.0815389975905418,0.0815389975905418,0
Grid+ USD,GRID-USD,2020-02-25,0.0815389975905418,0.0815389975905418,0.0553620010614395,0.0572029985487461,0.0572029985487461,6397
Grid+ USD,GRID-USD,2020-02-26,0.057022001594305,0.0574419982731342,0.0524859987199306,0.0524859987199306,0.0524859987199306,0
Grid+ USD,GRID-USD,2020-02-27,0.0524859987199306,0.0524859987199306,0.0524859987199306,0.0524859987199306,0.0524859987199306,0
Grid+ USD,GRID-USD,2020-02-28,0.0524859987199306,0.0524859987199306,0.0524859987199306,0.0524859987199306,0.0524859987199306,0
Grid+ USD,GRID-USD,2020-02-29,0.0524859987199306,0.0524859987199306,0.0524859987199306,0.0524859987199306,0.0524859987199306,0
Grid+ USD,GRID-USD,2020-03-01,0.0524859987199306,0.0581989996135234,0.052471999078989,0.0536229982972145,0.0536229982972145,237
Grid+ USD,GRID-USD,2020-03-02,0.0536440014839172,0.0546000003814697,0.053236000239849,0.0543709993362426,0.0543709993362426,0
Grid+ USD,GRID-USD,2020-03-03,0.0543709993362426,0.0543709993362426,0.0543709993362426,0.0543709993362426,0.0543709993362426,0
Grid+ USD,GRID-USD,2020-03-04,0.0543709993362426,0.0543709993362426,0.0543709993362426,0.0543709993362426,0.0543709993362426,0
Grid+ USD,GRID-USD,2020-03-05,0.0543709993362426,0.071442000567913,0.0543709993362426,0.0703789964318275,0.0703789964318275,888
Grid+ USD,GRID-USD,2020-03-06,0.0703789964318275,0.0724330022931099,0.058068998157978,0.060113999992609,0.060113999992609,180
Grid+ USD,GRID-USD,2020-03-07,0.0602100007236003,0.0605290010571479,0.0598209984600544,0.0599879994988441,0.0599879994988441,0
Grid+ USD,GRID-USD,2020-03-08,0.0599879994988441,0.0599879994988441,0.0466400012373924,0.0467839986085891,0.0467839986085891,164
Grid+ USD,GRID-USD,2020-03-09,0.0468030013144016,0.0482290014624595,0.0447070002555847,0.0448050014674663,0.0448050014674663,0
Grid+ USD,GRID-USD,2020-03-10,0.0448050014674663,0.0448050014674663,0.0448050014674663,0.0448050014674663,0.0448050014674663,0
Grid+ USD,GRID-USD,2020-03-11,0.0448050014674663,0.0588200017809867,0.0448050014674663,0.0564559996128082,0.0564559996128082,23
Grid+ USD,GRID-USD,2020-03-12,0.0564740002155303,0.0565360002219677,0.0261950008571147,0.0263989996165037,0.0263989996165037,117
Grid+ USD,GRID-USD,2020-03-13,0.0263989996165037,0.0326390005648136,0.0232400000095367,0.0278869997709989,0.0278869997709989,2892
Grid+ USD,GRID-USD,2020-03-14,0.0278910007327795,0.0281249992549419,0.0258269999176263,0.0260160006582736,0.0260160006582736,3
Grid+ USD,GRID-USD,2020-03-15,0.0260160006582736,0.0276570003479719,0.0256089996546506,0.0262000001966953,0.0262000001966953,43
Grid+ USD,GRID-USD,2020-03-16,0.0262189991772174,0.0262189991772174,0.0217710006982088,0.0237460006028413,0.0237460006028413,388
Grid+ USD,GRID-USD,2020-03-17,0.0237879995256662,0.0278040003031492,0.0237479992210865,0.0273739993572235,0.0273739993572235,161
Grid+ USD,GRID-USD,2020-03-18,0.0274139996618032,0.0277190003544092,0.0261690001934766,0.0266839992254972,0.0266839992254972,258
Grid+ USD,GRID-USD,2020-03-19,0.0266839992254972,0.0322180017828941,0.0266830008476972,0.0313359983265399,0.0313359983265399,169
Grid+ USD,GRID-USD,2020-03-20,0.0313189998269081,0.0351070016622543,0.0291569996625185,0.0314060002565383,0.0314060002565383,203
Grid+ USD,GRID-USD,2020-03-21,0.0315629988908767,0.0321410000324249,0.030129000544548,0.0313390009105205,0.0313390009105205,38
Grid+ USD,GRID-USD,2020-03-22,0.0313579998910427,0.0321800000965595,0.0290360003709793,0.0291680004447698,0.0291680004447698,35
Grid+ USD,GRID-USD,2020-03-23,0.0291680004447698,0.0320440009236335,0.0289530009031295,0.0320440009236335,0.0320440009236335,0
Grid+ USD,GRID-USD,2020-03-24,0.0320679992437362,0.0337410010397434,0.0316519998013973,0.0329690016806125,0.0329690016806125,0
Grid+ USD,GRID-USD,2020-03-25,0.0330090001225471,0.0334869995713233,0.0324609987437725,0.0325459986925125,0.0325459986925125,0
Grid+ USD,GRID-USD,2020-03-26,0.0325459986925125,0.0325459986925125,0.0325459986925125,0.0325459986925125,0.0325459986925125,0
Grid+ USD,GRID-USD,2020-03-27,0.0325459986925125,0.0337360017001628,0.031904999166727,0.0322920009493827,0.0322920009493827,100
Grid+ USD,GRID-USD,2020-03-28,0.0322889983654022,0.0323019996285438,0.0302700009196996,0.0311619993299245,0.0311619993299245,110
Grid+ USD,GRID-USD,2020-03-29,0.0311619993299245,0.0336360000073909,0.0271029993891716,0.0323170013725757,0.0323170013725757,670
Grid+ USD,GRID-USD,2020-03-30,0.0322979986667633,0.0450959987938404,0.0322239995002746,0.0431170016527175,0.0431170016527175,1909
Grid+ USD,GRID-USD,2020-03-31,0.04305399954319,0.0457199998199939,0.0427570007741451,0.0456020012497901,0.0456020012497901,142
Grid+ USD,GRID-USD,2020-04-01,0.0456020012497901,0.0482130013406276,0.0389799997210502,0.0407110005617141,0.0407110005617141,3212
Grid+ USD,GRID-USD,2020-04-02,0.0407110005617141,0.0412309989333152,0.0362630002200603,0.0388699993491172,0.0388699993491172,62
Grid+ USD,GRID-USD,2020-04-03,0.0389330014586448,0.0412110015749931,0.0386670008301734,0.0408239997923374,0.0408239997923374,323
Grid+ USD,GRID-USD,2020-04-04,0.0408239997923374,0.0417799986898899,0.0402569994330406,0.0417679995298385,0.0417679995298385,331
Grid+ USD,GRID-USD,2020-04-05,0.0417319983243942,0.0443679988384246,0.041067998856306,0.0443070009350776,0.0443070009350776,343
Grid+ USD,GRID-USD,2020-04-06,0.0442750006914138,0.052335001528263,0.0442739985883235,0.052335001528263,0.052335001528263,383
Grid+ USD,GRID-USD,2020-04-07,0.0523030012845993,0.0560609996318817,0.0514479987323284,0.0515980012714862,0.0515980012714862,332
Grid+ USD,GRID-USD,2020-04-08,0.0516240000724792,0.0539380013942718,0.0513579994440078,0.053346000611782,0.053346000611782,16
Grid+ USD,GRID-USD,2020-04-09,0.0533200018107891,0.053881999105215,0.0518780015408992,0.0536749996244907,0.0536749996244907,182
Grid+ USD,GRID-USD,2020-04-10,0.0536630004644393,0.0539800003170967,0.0499209985136985,0.0510580018162727,0.0510580018162727,68
Grid+ USD,GRID-USD,2020-04-11,0.0510430000722408,0.0519060008227825,0.0503930002450943,0.0513130016624927,0.0513130016624927,3
Grid+ USD,GRID-USD,2020-04-12,0.0513369999825954,0.0533609986305236,0.0507190003991127,0.0521380007266998,0.0521380007266998,3
Grid+ USD,GRID-USD,2020-04-13,0.0522809997200965,0.0522809997200965,0.0495570003986358,0.0510820001363754,0.0510820001363754,61
Grid+ USD,GRID-USD,2020-04-14,0.0510820001363754,0.0554980002343654,0.0509070008993148,0.0543639995157718,0.0543639995157718,3506
Grid+ USD,GRID-USD,2020-04-15,0.054382000118494,0.0554549992084503,0.053796000778675,0.054042000323534,0.054042000323534,2376
Grid+ USD,GRID-USD,2020-04-16,0.0540129989385604,0.0603380016982555,0.0530330017209053,0.0539969988167285,0.0539969988167285,30
Grid+ USD,GRID-USD,2020-04-17,0.0540019981563091,0.0546730011701583,0.0532389990985393,0.0538519993424415,0.0538519993424415,30
Grid+ USD,GRID-USD,2020-04-18,0.0538519993424415,0.0581989996135234,0.0538330003619194,0.054212998598814,0.054212998598814,1133
Grid+ USD,GRID-USD,2020-04-19,0.0542190000414848,0.0543019995093345,0.0499939993023872,0.0500349998474121,0.0500349998474121,73
Grid+ USD,GRID-USD,2020-04-20,0.0500539988279342,0.0519060008227825,0.0475110001862049,0.0480329990386962,0.0480329990386962,43
Grid+ USD,GRID-USD,2020-04-21,0.0480329990386962,0.0491410009562969,0.043793000280857,0.044123001396656,0.044123001396656,111
Grid+ USD,GRID-USD,2020-04-22,0.0441440008580684,0.0531390011310577,0.0439089983701705,0.0529539994895458,0.0529539994895458,441
Grid+ USD,GRID-USD,2020-04-23,0.0529600009322166,0.0540690012276172,0.0506939999759197,0.05129199847579,0.05129199847579,652
Grid+ USD,GRID-USD,2020-04-24,0.05129199847579,0.0526360012590885,0.0508170016109943,0.0516639985144138,0.0516639985144138,95
Grid+ USD,GRID-USD,2020-04-25,0.0516479983925819,0.0539870001375675,0.0514300018548965,0.0532919988036155,0.0532919988036155,42
Grid+ USD,GRID-USD,2020-04-26,0.0533040016889572,0.0538600012660026,0.0525799989700317,0.0531999990344047,0.0531999990344047,169
Grid+ USD,GRID-USD,2020-04-27,0.0531749986112117,0.0537439994513988,0.052471000701189,0.0533320009708404,0.0533320009708404,16
Grid+ USD,GRID-USD,2020-04-28,0.0533359982073307,0.0567639991641044,0.0526780001819133,0.0566890016198158,0.0566890016198158,657
Grid+ USD,GRID-USD,2020-04-29,0.0566590018570423,0.0636169984936714,0.0565989986062049,0.0622749999165535,0.0622749999165535,109
Grid+ USD,GRID-USD,2020-04-30,0.0623009987175464,0.0653230026364326,0.0592649988830089,0.059553001075983,0.059553001075983,105
Grid+ USD,GRID-USD,2020-05-01,0.059553001075983,0.0625189989805221,0.059553001075983,0.0621480010449886,0.0621480010449886,285
Grid+ USD,GRID-USD,2020-05-02,0.062194999307394,0.0629549995064735,0.0618330016732215,0.0628790035843849,0.0628790035843849,4
Grid+ USD,GRID-USD,2020-05-03,0.0628700032830238,0.0639280006289482,0.0582409985363483,0.0582720004022121,0.0582720004022121,1124
Grid+ USD,GRID-USD,2020-05-04,0.0582589991390705,0.058518998324871,0.0543409995734691,0.0545979999005794,0.0545979999005794,10
Grid+ USD,GRID-USD,2020-05-05,0.0545680001378059,0.0576739981770515,0.0541479997336864,0.0557099990546703,0.0557099990546703,1227
Grid+ USD,GRID-USD,2020-05-06,0.0557739995419979,0.0572660006582737,0.0552299991250038,0.0554630011320114,0.0554630011320114,981
Grid+ USD,GRID-USD,2020-05-07,0.0554630011320114,0.0564510002732276,0.0531609989702701,0.0531859993934631,0.0531859993934631,3525
Grid+ USD,GRID-USD,2020-05-08,0.053031001240015,0.0551330000162124,0.0519869998097419,0.0524890013039112,0.0524890013039112,30
Grid+ USD,GRID-USD,2020-05-09,0.0524660013616085,0.0528939999639987,0.0507920011878013,0.0518230013549327,0.0518230013549327,2617
Grid+ USD,GRID-USD,2020-05-10,0.0518539994955062,0.0518600009381771,0.0444119982421398,0.0451640002429485,0.0451640002429485,958
Grid+ USD,GRID-USD,2020-05-11,0.0451649986207485,0.0457950010895729,0.0425209999084472,0.0431170016527175,0.0431170016527175,725
Grid+ USD,GRID-USD,2020-05-12,0.0431409999728202,0.0458829998970031,0.043088998645544,0.045244000852108,0.045244000852108,1544
Grid+ USD,GRID-USD,2020-05-13,0.045244000852108,0.0488660000264644,0.0452339984476566,0.0488660000264644,0.0488660000264644,1762
Grid+ USD,GRID-USD,2020-05-14,0.0488490015268325,0.0499229989945888,0.0481589995324611,0.0492979995906353,0.0492979995906353,701
Grid+ USD,GRID-USD,2020-05-15,0.0492760017514228,0.0494330003857612,0.0446060001850128,0.0446529984474182,0.0446529984474182,652
Grid+ USD,GRID-USD,2020-05-16,0.0446670018136501,0.0469929985702037,0.0444159992039203,0.0465609990060329,0.0465609990060329,1657
Grid+ USD,GRID-USD,2020-05-17,0.0465469993650913,0.0481679998338222,0.0464220009744167,0.0473319999873638,0.0473319999873638,1117
Grid+ USD,GRID-USD,2020-05-18,0.0473319999873638,0.0491579994559288,0.0473139993846416,0.0474230013787746,0.0474230013787746,1592
Grid+ USD,GRID-USD,2020-05-19,0.0474330000579357,0.0479400008916854,0.0457900017499923,0.0479400008916854,0.0479400008916854,1048
Grid+ USD,GRID-USD,2020-05-20,0.047945998609066,0.0482040010392665,0.0370189994573593,0.0374969989061355,0.0374969989061355,7372
Grid+ USD,GRID-USD,2020-05-21,0.0374930016696453,0.043003000319004,0.0372590012848377,0.0399250015616416,0.0399250015616416,653
Grid+ USD,GRID-USD,2020-05-22,0.0399309992790222,0.0412449985742569,0.0395869985222816,0.0409610010683536,0.0409610010683536,1281
Grid+ USD,GRID-USD,2020-05-23,0.0404959991574287,0.0441729985177516,0.0395269989967346,0.0441260002553463,0.0441260002553463,2539
Grid+ USD,GRID-USD,2020-05-24,0.0441280007362365,0.0460919998586177,0.0405680015683174,0.0406869985163211,0.0406869985163211,4258
Grid+ USD,GRID-USD,2020-05-25,0.0406530015170574,0.0415650010108947,0.0395030006766319,0.0410340018570423,0.0410340018570423,554
Grid+ USD,GRID-USD,2020-05-26,0.0410379990935325,0.0413290001451969,0.0396500006318092,0.0401379987597465,0.0401379987597465,1019
Grid+ USD,GRID-USD,2020-05-27,0.0401379987597465,0.0428249984979629,0.0401379987597465,0.0411910004913806,0.0411910004913806,734
Grid+ USD,GRID-USD,2020-05-28,0.0411930009722709,0.0457260012626647,0.0410740002989769,0.0430179983377456,0.0430179983377456,2120
Grid+ USD,GRID-USD,2020-05-29,0.0429540015757083,0.0437810011208057,0.0408339984714984,0.0411540009081363,0.0411540009081363,2108
Grid+ USD,GRID-USD,2020-05-30,0.0411459989845752,0.0469999983906745,0.0402790009975433,0.0466279983520507,0.0466279983520507,4090
Grid+ USD,GRID-USD,2020-05-31,0.0466279983520507,0.046994999051094,0.0430190004408359,0.0432050004601478,0.0432050004601478,1804
Grid+ USD,GRID-USD,2020-06-01,0.0432039983570575,0.0462680011987686,0.0431249998509883,0.0459790006279945,0.0459790006279945,4253
Grid+ USD,GRID-USD,2020-06-02,0.0460520014166832,0.0467500016093254,0.0432920008897781,0.0445149987936019,0.0445149987936019,3560
Grid+ USD,GRID-USD,2020-06-03,0.0445149987936019,0.0485090017318725,0.0444470010697841,0.0484960004687309,0.0484960004687309,3564
Grid+ USD,GRID-USD,2020-06-04,0.0485250018537044,0.0509659983217716,0.0468619987368583,0.0477299988269805,0.0477299988269805,2810
Grid+ USD,GRID-USD,2020-06-05,0.0477319993078708,0.0525549985468387,0.0471489988267421,0.0483300015330314,0.0483300015330314,2730
Grid+ USD,GRID-USD,2020-06-06,0.0483300015330314,0.0489820018410682,0.0464459992945194,0.046459998935461,0.046459998935461,1970
Grid+ USD,GRID-USD,2020-06-07,0.046459998935461,0.0490720011293888,0.0454350002110004,0.048514999449253,0.048514999449253,1483
Grid+ USD,GRID-USD,2020-06-08,0.0485320016741752,0.0488229990005493,0.0471610017120838,0.0486290007829666,0.0486290007829666,1947
Grid+ USD,GRID-USD,2020-06-09,0.0486229993402957,0.0490450002253055,0.0481670014560222,0.0485510006546974,0.0485510006546974,452
Grid+ USD,GRID-USD,2020-06-10,0.048539001494646,0.0526680015027523,0.048539001494646,0.0489570014178752,0.0489570014178752,2720
Grid+ USD,GRID-USD,2020-06-11,0.0489570014178752,0.0496690012514591,0.0455720014870166,0.046884998679161,0.046884998679161,2242
Grid+ USD,GRID-USD,2020-06-12,0.0468680001795291,0.0491530001163482,0.0463339984416961,0.0484349988400936,0.0484349988400936,3462
Grid+ USD,GRID-USD,2020-06-13,0.0484380014240741,0.0504290014505386,0.0464310012757778,0.0501829981803894,0.0501829981803894,692
Grid+ USD,GRID-USD,2020-06-14,0.0501930005848407,0.0511160008609294,0.0474269986152648,0.049609001725912,0.049609001725912,5674
Grid+ USD,GRID-USD,2020-06-15,0.049609001725912,0.0500059984624385,0.0463359989225864,0.0472010001540184,0.0472010001540184,2392
Grid+ USD,GRID-USD,2020-06-16,0.0471660010516643,0.0503979995846748,0.0465129986405372,0.0487550012767314,0.0487550012767314,1647
Grid+ USD,GRID-USD,2020-06-17,0.0487780012190341,0.0642409995198249,0.0477040000259876,0.0600849986076355,0.0600849986076355,525
Grid+ USD,GRID-USD,2020-06-18,0.0600849986076355,0.0600849986076355,0.0508820004761219,0.0554630011320114,0.0554630011320114,1183
Grid+ USD,GRID-USD,2020-06-19,0.0554810017347335,0.0688140019774437,0.0547010004520416,0.0640159994363784,0.0640159994363784,1694
Grid+ USD,GRID-USD,2020-06-20,0.0640159994363784,0.0672890022397041,0.0617480017244815,0.0644830018281936,0.0644830018281936,452
Grid+ USD,GRID-USD,2020-06-21,0.064480997622013,0.0653610005974769,0.0607829988002777,0.0607829988002777,0.0607829988002777,0
Grid+ USD,GRID-USD,2020-06-22,0.0607829988002777,0.0641779974102974,0.0573070012032985,0.0633340030908584,0.0633340030908584,731
Grid+ USD,GRID-USD,2020-06-23,0.0633450001478195,0.0655459985136985,0.0604839995503425,0.0631140023469924,0.0631140023469924,423
Grid+ USD,GRID-USD,2020-06-24,0.0631169974803924,0.0692050009965896,0.0606589987874031,0.0631100013852119,0.0631100013852119,137
Grid+ USD,GRID-USD,2020-06-25,0.0631100013852119,0.0631849989295005,0.0569749996066093,0.0605700016021728,0.0605700016021728,349
Grid+ USD,GRID-USD,2020-06-26,0.0605700016021728,0.0608309991657733,0.0582479983568191,0.0582479983568191,0.0582479983568191,225
Grid+ USD,GRID-USD,2020-06-27,0.058228999376297,0.0592160001397132,0.0555270016193389,0.0568609982728958,0.0568609982728958,93
Grid+ USD,GRID-USD,2020-06-28,0.0568609982728958,0.0606300011277198,0.0516010001301765,0.0589910000562667,0.0589910000562667,0
Grid+ USD,GRID-USD,2020-06-29,0.0589910000562667,0.0629940032958984,0.0574969984591007,0.0620889998972415,0.0620889998972415,115
Grid+ USD,GRID-USD,2020-06-30,0.0620310008525848,0.0624289996922016,0.0606929995119571,0.0611959993839263,0.0611959993839263,0
Grid+ USD,GRID-USD,2020-07-01,0.0611959993839263,0.0656749978661537,0.0588600002229213,0.0648370012640953,0.0648370012640953,294
Grid+ USD,GRID-USD,2020-07-02,0.064750000834465,0.0699419975280761,0.0597250014543533,0.0607319995760917,0.0607319995760917,862
Grid+ USD,GRID-USD,2020-07-03,0.0607319995760917,0.0650380030274391,0.0597289986908435,0.0617539994418621,0.0617539994418621,220
Grid+ USD,GRID-USD,2020-07-04,0.0617589987814426,0.0644590035080909,0.0563310012221336,0.0614960007369518,0.0614960007369518,200
Grid+ USD,GRID-USD,2020-07-05,0.0615289993584156,0.062109000980854,0.0575469993054866,0.0600240007042884,0.0600240007042884,101
Grid+ USD,GRID-USD,2020-07-06,0.0600240007042884,0.0692209973931312,0.0599620006978511,0.0684750005602836,0.0684750005602836,279
Grid+ USD,GRID-USD,2020-07-07,0.0684499964118003,0.0699750036001205,0.0652389973402023,0.0678590014576911,0.0678590014576911,0
Grid+ USD,GRID-USD,2020-07-08,0.0678590014576911,0.0678590014576911,0.0678590014576911,0.0678590014576911,0.0678590014576911,0
Grid+ USD,GRID-USD,2020-07-09,0.0678590014576911,0.0778630003333091,0.0678590014576911,0.077504001557827,0.077504001557827,631
Grid+ USD,GRID-USD,2020-07-10,0.0773240029811859,0.2265080064535141,0.0761350020766258,0.1545329988002777,0.1545329988002777,35422
Grid+ USD,GRID-USD,2020-07-11,0.1545960009098053,0.1600929945707321,0.1073080003261566,0.1600279957056045,0.1600279957056045,6523
Grid+ USD,GRID-USD,2020-07-12,0.1601420044898986,0.1772540062665939,0.1361829936504364,0.1400199979543686,0.1400199979543686,3682
Grid+ USD,GRID-USD,2020-07-13,0.1400199979543686,0.1416269987821579,0.1110299974679946,0.1224889978766441,0.1224889978766441,7003
Grid+ USD,GRID-USD,2020-07-14,0.1228180006146431,0.1248430013656616,0.1166680008172988,0.1206810027360916,0.1206810027360916,975
Grid+ USD,GRID-USD,2020-07-15,0.1206640005111694,0.1267410069704055,0.1172780022025108,0.1253249943256378,0.1253249943256378,134
Grid+ USD,GRID-USD,2020-07-16,0.1253899931907653,0.1258489936590194,0.1055219992995262,0.122308000922203,0.122308000922203,1261
Grid+ USD,GRID-USD,2020-07-17,0.1222859993577003,0.1966869980096817,0.1159320026636123,0.1764450073242187,0.1764450073242187,5826
Grid+ USD,GRID-USD,2020-07-18,0.1764450073242187,0.7488380074501038,0.1756040006875991,0.4103260040283203,0.4103260040283203,364075
Grid+ USD,GRID-USD,2020-07-19,0.415349006652832,0.4790149927139282,0.2604160010814667,0.3925530016422272,0.3925530016422272,186966
Grid+ USD,GRID-USD,2020-07-20,0.3920530080795288,0.4301050007343292,0.3129850029945373,0.3192470073699951,0.3192470073699951,65689
Grid+ USD,GRID-USD,2020-07-21,0.3189820051193237,0.3576390147209167,0.2942480146884918,0.3299509882926941,0.3299509882926941,43685
Grid+ USD,GRID-USD,2020-07-22,0.3301239907741546,0.3859109878540039,0.3024739921092987,0.333622008562088,0.333622008562088,75331
Grid+ USD,GRID-USD,2020-07-23,0.3336009979248047,0.3851470053195953,0.2925820052623749,0.3465639948844909,0.3465639948844909,197269
Grid+ USD,GRID-USD,2020-07-24,0.3467710018157959,0.3468720018863678,0.293861985206604,0.3053179979324341,0.3053179979324341,171386
Grid+ USD,GRID-USD,2020-07-25,0.305290013551712,0.3331820070743561,0.2748279869556427,0.3266020119190216,0.3266020119190216,41853
Grid+ USD,GRID-USD,2020-07-26,0.3267830014228821,0.3505089879035949,0.3226960003376007,0.3352659940719604,0.3352659940719604,35927
Grid+ USD,GRID-USD,2020-07-27,0.335316002368927,0.3601469993591308,0.2339850068092346,0.3520300090312958,0.3520300090312958,88856
Grid+ USD,GRID-USD,2020-07-28,0.3516809940338135,0.3575209975242615,0.3053340017795563,0.3164890110492706,0.3164890110492706,178551
Grid+ USD,GRID-USD,2020-07-29,0.3157680034637451,0.3259469866752624,0.2538619935512543,0.2553569972515106,0.2553569972515106,155460
Grid+ USD,GRID-USD,2020-07-30,0.2554849982261657,0.2704089879989624,0.252236008644104,0.261923998594284,0.261923998594284,176248
Grid+ USD,GRID-USD,2020-07-31,0.2619119882583618,0.2987200021743774,0.2482299953699112,0.2779079973697662,0.2779079973697662,203742
Grid+ USD,GRID-USD,2020-08-01,0.2779079973697662,0.2782810032367706,0.1962870061397552,0.2313140034675598,0.2313140034675598,155851
Grid+ USD,GRID-USD,2020-08-02,0.2310969978570938,0.2458799928426742,0.2091049998998642,0.2131070047616958,0.2131070047616958,126185
Grid+ USD,GRID-USD,2020-08-03,0.2150589972734451,0.2431299984455108,0.2150589972734451,0.2392659932374954,0.2392659932374954,45854
Grid+ USD,GRID-USD,2020-08-04,0.2392659932374954,0.2491970062255859,0.2082590013742447,0.2157340049743652,0.2157340049743652,132437
Grid+ USD,GRID-USD,2020-08-05,0.2157029956579208,0.246066004037857,0.2104229927062988,0.2209510058164596,0.2209510058164596,133177
Grid+ USD,GRID-USD,2020-08-06,0.2208839952945709,0.3078289926052093,0.2182659953832626,0.2439589947462082,0.2439589947462082,138765
Grid+ USD,GRID-USD,2020-08-07,0.2441879957914352,0.2460719943046569,0.22393299639225,0.2284619957208633,0.2284619957208633,155084
Grid+ USD,GRID-USD,2020-08-08,0.2274580001831054,0.2398039996623993,0.2248560041189193,0.2398039996623993,0.2398039996623993,137643
Grid+ USD,GRID-USD,2020-08-09,0.2401559948921203,0.2430399954319,0.2298330068588256,0.2345679998397827,0.2345679998397827,157111
Grid+ USD,GRID-USD,2020-08-10,0.2344669997692108,0.23921599984169,0.2270230054855346,0.2306309938430786,0.2306309938430786,149488
Grid+ USD,GRID-USD,2020-08-11,0.2306710034608841,0.2351150065660476,0.179978996515274,0.1843989938497543,0.1843989938497543,120316
Grid+ USD,GRID-USD,2020-08-12,0.18435700237751,0.1924230009317398,0.1781280040740966,0.189860001206398,0.189860001206398,120248
Grid+ USD,GRID-USD,2020-08-13,0.1898179948329925,0.1991710066795349,0.1767510026693344,0.1936129927635193,0.1936129927635193,80732
Grid+ USD,GRID-USD,2020-08-14,0.1935209929943084,0.194251000881195,0.1762129962444305,0.1788399964570999,0.1788399964570999,98905
Grid+ USD,GRID-USD,2020-08-15,0.1788959950208664,0.1824260056018829,0.1749089956283569,0.1781149953603744,0.1781149953603744,34688
Grid+ USD,GRID-USD,2020-08-16,0.1781260073184967,0.1788229942321777,0.1679749935865402,0.1756259948015213,0.1756259948015213,71598
Grid+ USD,GRID-USD,2020-08-17,0.1756259948015213,0.1931889951229095,0.1703480035066604,0.1891250014305114,0.1891250014305114,51975
Grid+ USD,GRID-USD,2020-08-18,0.1900520026683807,0.2408529967069625,0.181317999958992,0.2062039971351623,0.2062039971351623,104071
Grid+ USD,GRID-USD,2020-08-19,0.2062039971351623,0.2078229933977127,0.1681910008192062,0.1954970061779022,0.1954970061779022,74702
Grid+ USD,GRID-USD,2020-08-20,0.1954970061779022,0.2195599973201751,0.1903569996356964,0.2171089947223663,0.2171089947223663,41019
Grid+ USD,GRID-USD,2020-08-21,0.2170840054750442,0.2183160036802292,0.1891199946403503,0.195493996143341,0.195493996143341,44585
Grid+ USD,GRID-USD,2020-08-22,0.1955119967460632,0.2038300037384033,0.1923960000276565,0.2010059952735901,0.2010059952735901,19989
Grid+ USD,GRID-USD,2020-08-23,0.200775995850563,0.2139090001583099,0.1965010017156601,0.2030960023403167,0.2030960023403167,15136
Grid+ USD,GRID-USD,2020-08-24,0.2030960023403167,0.2145269960165023,0.1880840063095092,0.1983920037746429,0.1983920037746429,39150
Grid+ USD,GRID-USD,2020-08-25,0.1983949989080429,0.203695997595787,0.1873449981212616,0.2003010064363479,0.2003010064363479,77893
Grid+ USD,GRID-USD,2020-08-26,0.2001020014286041,0.2095469981431961,0.1981240063905716,0.20346400141716,0.20346400141716,126079
Grid+ USD,GRID-USD,2020-08-27,0.2034379988908767,0.2135220021009445,0.19930399954319,0.2054239958524704,0.2054239958524704,122766
Grid+ USD,GRID-USD,2020-08-28,0.2054630070924759,0.2123139947652816,0.2041520029306411,0.2071820050477981,0.2071820050477981,123156
Grid+ USD,GRID-USD,2020-08-29,0.207176998257637,0.2108500003814697,0.1233400031924247,0.124220997095108,0.124220997095108,67298
Grid+ USD,GRID-USD,2020-08-30,0.1241300031542778,0.2073100060224533,0.1238519996404647,0.1936369985342025,0.1936369985342025,71405
Grid+ USD,GRID-USD,2020-08-31,0.1938840001821518,0.203013002872467,0.1907459944486618,0.1994909942150116,0.1994909942150116,112210
Grid+ USD,GRID-USD,2020-09-01,0.1990569978952407,0.3220750093460083,0.1975300014019012,0.3193219900131225,0.3193219900131225,358612
Grid+ USD,GRID-USD,2020-09-02,0.3195289969444275,0.3213739991188049,0.2467540055513382,0.2503660023212433,0.2503660023212433,142029
Grid+ USD,GRID-USD,2020-09-03,0.2507309913635254,0.2559390068054199,0.1502429991960525,0.1633650064468383,0.1633650064468383,95680
Grid+ USD,GRID-USD,2020-09-04,0.1637900024652481,0.1671089977025985,0.1369049996137619,0.1375879943370819,0.1375879943370819,66497
Grid+ USD,GRID-USD,2020-09-05,0.1375299990177154,0.1388629972934723,0.1018330007791519,0.112185999751091,0.112185999751091,48675
Grid+ USD,GRID-USD,2020-09-06,0.112185999751091,0.1306010037660598,0.1080190017819404,0.1250880062580108,0.1250880062580108,55413
Grid+ USD,GRID-USD,2020-09-07,0.1250880062580108,0.1971839964389801,0.1219289973378181,0.1934300065040588,0.1934300065040588,7170
Grid+ USD,GRID-USD,2020-09-08,0.1934449970722198,0.1948900073766708,0.1644849926233291,0.1699540019035339,0.1699540019035339,24763
Grid+ USD,GRID-USD,2020-09-09,0.1700440049171447,0.1902340054512024,0.1694509983062744,0.1859029978513717,0.1859029978513717,12236
Grid+ USD,GRID-USD,2020-09-10,0.1857859939336776,0.1925970017910003,0.1702280044555664,0.1735759973526001,0.1735759973526001,10935
Grid+ USD,GRID-USD,2020-09-11,0.1735759973526001,0.1749799996614456,0.1497219949960708,0.1647289991378784,0.1647289991378784,23881
Grid+ USD,GRID-USD,2020-09-12,0.1646880060434341,0.1735319942235946,0.1618259996175766,0.1720950007438659,0.1720950007438659,32825
Grid+ USD,GRID-USD,2020-09-13,0.1720950007438659,0.1725189983844757,0.1522960066795349,0.1574240028858184,0.1574240028858184,88734
Grid+ USD,GRID-USD,2020-09-14,0.1569969952106475,0.1709430068731308,0.1547109931707382,0.1620399951934814,0.1620399951934814,93353
Grid+ USD,GRID-USD,2020-09-15,0.1622930020093917,0.165924996137619,0.1156580001115799,0.127261996269226,0.127261996269226,70857
Grid+ USD,GRID-USD,2020-09-16,0.1272419989109039,0.1322730034589767,0.1235589981079101,0.129621997475624,0.129621997475624,72925
Grid+ USD,GRID-USD,2020-09-17,0.1296209990978241,0.1437699943780899,0.1293150037527084,0.1406279951333999,0.1406279951333999,74526
Grid+ USD,GRID-USD,2020-09-18,0.1406279951333999,0.1533440053462982,0.1376049965620041,0.1520050019025802,0.1520050019025802,111547
Grid+ USD,GRID-USD,2020-09-19,0.1519140005111694,0.1641390025615692,0.1352059990167617,0.1360020041465759,0.1360020041465759,78217
Grid+ USD,GRID-USD,2020-09-20,0.1360329985618591,0.1361470073461532,0.1251890063285827,0.129488006234169,0.129488006234169,69138
Grid+ USD,GRID-USD,2020-09-21,0.1295419931411743,0.1308120042085647,0.1140709966421127,0.1161950007081031,0.1161950007081031,59060
Grid+ USD,GRID-USD,2020-09-22,0.1158929988741874,0.1547580063343048,0.1153540015220642,0.1222029998898506,0.1222029998898506,63558
Grid+ USD,GRID-USD,2020-09-23,0.1215350031852722,0.1217060014605522,0.1070889979600906,0.1083839982748031,0.1083839982748031,59306
Grid+ USD,GRID-USD,2020-09-24,0.1083720028400421,0.1175360009074211,0.1071169972419738,0.1171500012278556,0.1171500012278556,66478
Grid+ USD,GRID-USD,2020-09-25,0.1173190027475357,0.124160997569561,0.1166609972715377,0.1227210015058517,0.1227210015058517,76097
Grid+ USD,GRID-USD,2020-09-26,0.1229439973831176,0.1269049942493438,0.1184509992599487,0.1191539987921714,0.1191539987921714,59672
Grid+ USD,GRID-USD,2020-09-27,0.1192139983177185,0.1236049979925155,0.1167379990220069,0.1228979974985122,0.1228979974985122,65339
Grid+ USD,GRID-USD,2020-09-28,0.122699998319149,0.1252720057964325,0.118485003709793,0.1219559982419014,0.1219559982419014,70350
Grid+ USD,GRID-USD,2020-09-29,0.1219640001654625,0.1288789957761764,0.1208529993891716,0.1226909980177879,0.1226909980177879,68442
Grid+ USD,GRID-USD,2020-09-30,0.122977003455162,0.1315149962902069,0.1178219988942146,0.1312820017337799,0.1312820017337799,69768
Grid+ USD,GRID-USD,2020-10-01,0.1311479955911636,0.1323210000991821,0.1238629966974258,0.1243709996342659,0.1243709996342659,69901
Grid+ USD,GRID-USD,2020-10-02,0.1244689971208572,0.1252900063991546,0.1164320036768913,0.1234949976205825,0.1234949976205825,66468
Grid+ USD,GRID-USD,2020-10-03,0.1235660016536712,0.1282240003347396,0.1209470033645629,0.1214829981327056,0.1214829981327056,62167
Grid+ USD,GRID-USD,2020-10-04,0.1212119981646537,0.1226600036025047,0.1183200031518936,0.1197040006518364,0.1197040006518364,67565
Grid+ USD,GRID-USD,2020-10-05,0.1200520023703575,0.124269999563694,0.1189950034022331,0.1242669969797134,0.1242669969797134,67318
Grid+ USD,GRID-USD,2020-10-06,0.1233540028333664,0.1268489956855774,0.1165340021252632,0.1175009980797767,0.1175009980797767,61633
Grid+ USD,GRID-USD,2020-10-07,0.1176259964704513,0.1179990023374557,0.1123830005526542,0.1148120015859603,0.1148120015859603,68983
Grid+ USD,GRID-USD,2020-10-08,0.1150029972195625,0.1216470003128051,0.1135310009121894,0.1192580014467239,0.1192580014467239,57833
Grid+ USD,GRID-USD,2020-10-09,0.1189119964838028,0.1270619928836822,0.1164759993553161,0.1248600035905838,0.1248600035905838,70212
Grid+ USD,GRID-USD,2020-10-10,0.1250820010900497,0.1304239928722381,0.1229839995503425,0.1236430034041404,0.1236430034041404,71572
Grid+ USD,GRID-USD,2020-10-11,0.123380996286869,0.1312209963798523,0.1229709982872009,0.1294299960136413,0.1294299960136413,75792
Grid+ USD,GRID-USD,2020-10-12,0.1294119954109192,0.1325370073318481,0.1253630071878433,0.1291780024766922,0.1291780024766922,72223
Grid+ USD,GRID-USD,2020-10-13,0.1292870044708252,0.135902002453804,0.1268530040979385,0.1349070072174072,0.1349070072174072,71764
Grid+ USD,GRID-USD,2020-10-14,0.135015994310379,0.1387960016727447,0.128367006778717,0.12950299680233,0.12950299680233,69693
Grid+ USD,GRID-USD,2020-10-15,0.1294849961996078,0.1307940036058426,0.1224419996142387,0.1306419968605041,0.1306419968605041,99732
Grid+ USD,GRID-USD,2020-10-16,0.1306419968605041,0.1309089958667755,0.1229130029678344,0.1253630071878433,0.1253630071878433,68469
Grid+ USD,GRID-USD,2020-10-17,0.1256099939346313,0.1257999986410141,0.1206950023770332,0.1237379983067512,0.1237379983067512,70238
Grid+ USD,GRID-USD,2020-10-18,0.1234240010380745,0.1312710046768188,0.1231549978256225,0.1291009932756424,0.1291009932756424,71730
Grid+ USD,GRID-USD,2020-10-19,0.1290780007839203,0.1356189996004104,0.1244819983839988,0.1344369947910308,0.1344369947910308,75082
Grid+ USD,GRID-USD,2020-10-20,0.1344369947910308,0.1347479969263076,0.1297920048236847,0.1303299963474273,0.1303299963474273,74735
Grid+ USD,GRID-USD,2020-10-21,0.1303330063819885,0.1412190049886703,0.1301909983158111,0.1382890045642852,0.1382890045642852,81016
Grid+ USD,GRID-USD,2020-10-22,0.1382900029420852,0.1465270072221756,0.13782300055027,0.1415099948644638,0.1415099948644638,119079
Grid+ USD,GRID-USD,2020-10-23,0.1415099948644638,0.1425170004367828,0.0974270030856132,0.1422999948263168,0.1422999948263168,86632
Grid+ USD,GRID-USD,2020-10-24,0.1422950029373169,0.1462720036506652,0.1312229931354522,0.1423330008983612,0.1423330008983612,88803
Grid+ USD,GRID-USD,2020-10-25,0.1423320025205612,0.1442089974880218,0.1404439955949783,0.1435369998216629,0.1435369998216629,80103
Grid+ USD,GRID-USD,2020-10-26,0.1435340046882629,0.1452530026435852,0.1348090022802353,0.1383929997682571,0.1383929997682571,79101
Grid+ USD,GRID-USD,2020-10-27,0.1383990049362182,0.1433490067720413,0.1282950043678283,0.1298059970140457,0.1298059970140457,106310
Grid+ USD,GRID-USD,2020-10-28,0.1298020035028457,0.1312019973993301,0.0924630016088485,0.0950080007314682,0.0950080007314682,42364
Grid+ USD,GRID-USD,2020-10-29,0.0950049981474876,0.0975250005722045,0.0859630033373832,0.0935970023274421,0.0935970023274421,79503
Grid+ USD,GRID-USD,2020-10-30,0.0935959964990615,0.1118419989943504,0.0810860022902488,0.1039019972085952,0.1039019972085952,108958
Grid+ USD,GRID-USD,2020-10-31,0.1039030030369758,0.1041219979524612,0.0887029990553855,0.088869996368885,0.088869996368885,47192
Grid+ USD,GRID-USD,2020-11-01,0.088868997991085,0.0923580005764961,0.0884639993309974,0.0904039964079856,0.0904039964079856,51663
Grid+ USD,GRID-USD,2020-11-02,0.0904069989919662,0.0937649980187416,0.0855090022087097,0.0897279977798461,0.0897279977798461,60280
Grid+ USD,GRID-USD,2020-11-03,0.0897329971194267,0.0901930034160614,0.0696239992976188,0.0860920026898384,0.0860920026898384,94012
Grid+ USD,GRID-USD,2020-11-04,0.0860930010676384,0.0930970013141632,0.0809409990906715,0.0919089987874031,0.0919089987874031,60465
Grid+ USD,GRID-USD,2020-11-05,0.0919810011982917,0.1040339991450309,0.0865470021963119,0.1023999974131584,0.1023999974131584,63432
Grid+ USD,GRID-USD,2020-11-06,0.1023989990353584,0.1122590005397796,0.099211998283863,0.1112520024180412,0.1112520024180412,82217
Grid+ USD,GRID-USD,2020-11-07,0.1112610027194023,0.1394030004739761,0.1112610027194023,0.1250369995832443,0.1250369995832443,83570
Grid+ USD,GRID-USD,2020-11-08,0.1250679939985275,0.1531649976968765,0.119946002960205,0.1510349959135055,0.1510349959135055,93716
Grid+ USD,GRID-USD,2020-11-09,0.1510369926691055,0.1578889936208725,0.1318919956684112,0.1537159979343414,0.1537159979343414,86049
Grid+ USD,GRID-USD,2020-11-10,0.1537079960107803,0.1605419963598251,0.1411350071430206,0.1542769968509674,0.1542769968509674,125383
Grid+ USD,GRID-USD,2020-11-11,0.1542430073022842,0.1946579962968826,0.1536079943180084,0.1925110071897506,0.1925110071897506,96399
Grid+ USD,GRID-USD,2020-11-12,0.1925099939107895,0.1925099939107895,0.1396889984607696,0.157941997051239,0.157941997051239,132205
Grid+ USD,GRID-USD,2020-11-13,0.1579200029373169,0.1693809926509857,0.1548680067062378,0.1677750051021576,0.1677750051021576,96046
Grid+ USD,GRID-USD,2020-11-14,0.1677789986133575,0.1683429926633834,0.1591210067272186,0.1656049937009811,0.1656049937009811,85123
Grid+ USD,GRID-USD,2020-11-15,0.1656119972467422,0.1740660071372985,0.1609759926795959,0.1667670011520385,0.1667670011520385,96819
Grid+ USD,GRID-USD,2020-11-16,0.1667670011520385,0.180416002869606,0.1648630052804947,0.1785770058631897,0.1785770058631897,99865
Grid+ USD,GRID-USD,2020-11-17,0.1808180063962936,0.1821130067110061,0.1224730014801025,0.1768749952316284,0.1768749952316284,193149
Grid+ USD,GRID-USD,2020-11-18,0.1768340021371841,0.18401600420475,0.1553409993648529,0.1727429926395416,0.1727429926395416,98478
Grid+ USD,GRID-USD,2020-11-19,0.1727609932422638,0.175476998090744,0.1622920036315918,0.1690099984407425,0.1690099984407425,113192
Grid+ USD,GRID-USD,2020-11-20,0.1690060049295425,0.1915220022201538,0.1690060049295425,0.1914830058813095,0.1914830058813095,99999
Grid+ USD,GRID-USD,2020-11-21,0.1914750039577484,0.2145670056343078,0.1874369978904724,0.2114180028438568,0.2114180028438568,112599
Grid+ USD,GRID-USD,2020-11-22,0.2114219963550567,0.2176859974861145,0.1933429986238479,0.197622999548912,0.197622999548912,102473
Grid+ USD,GRID-USD,2020-11-23,0.1976079940795898,0.2218240052461624,0.1954369992017746,0.2201520055532455,0.2201520055532455,117606
Grid+ USD,GRID-USD,2020-11-24,0.2204910069704055,0.2258889973163604,0.2141710072755813,0.2146359980106353,0.2146359980106353,120910
Grid+ USD,GRID-USD,2020-11-25,0.2146620005369186,0.2165669947862625,0.2009620070457458,0.2016019970178604,0.2016019970178604,107277
Grid+ USD,GRID-USD,2020-11-26,0.2015590071678161,0.2047339975833892,0.1654949933290481,0.1778459995985031,0.1778459995985031,102324
Grid+ USD,GRID-USD,2020-11-27,0.1779520064592361,0.182214006781578,0.1676889955997467,0.1756560057401657,0.1756560057401657,96452
Grid+ USD,GRID-USD,2020-11-28,0.1756819933652877,0.1924989968538284,0.1708569973707199,0.1861270070075988,0.1861270070075988,101082
Grid+ USD,GRID-USD,2020-11-29,0.1860949993133545,0.2101729959249496,0.1843219995498657,0.2101729959249496,0.2101729959249496,113492
Grid+ USD,GRID-USD,2020-11-30,0.2101590037345886,0.2245479971170425,0.2080080062150955,0.2184810042381286,0.2184810042381286,112644
Grid+ USD,GRID-USD,2020-12-01,0.2185239940881729,0.2272990047931671,0.1996829956769943,0.2193280011415481,0.2193280011415481,120165
Grid+ USD,GRID-USD,2020-12-02,0.2192499935626983,0.2284899950027465,0.2152519971132278,0.2251569926738739,0.2251569926738739,128160
Grid+ USD,GRID-USD,2020-12-03,0.2251449972391128,0.2339729964733123,0.2198510020971298,0.2289330065250396,0.2289330065250396,134315
Grid+ USD,GRID-USD,2020-12-04,0.2289119958877563,0.2336149960756302,0.2120140045881271,0.213696002960205,0.213696002960205,116874
Grid+ USD,GRID-USD,2020-12-05,0.2136529982089996,0.225161999464035,0.2116470038890838,0.2229979932308197,0.2229979932308197,124867
Grid+ USD,GRID-USD,2020-12-06,0.223034992814064,0.2284509986639022,0.219210997223854,0.2244050055742263,0.2244050055742263,136312
Grid+ USD,GRID-USD,2020-12-07,0.2244769930839538,0.2255579978227615,0.2014939934015274,0.2099339962005615,0.2099339962005615,124836
Grid+ USD,GRID-USD,2020-12-08,0.2099090069532394,0.2219579964876175,0.1937710046768188,0.2098709940910339,0.2098709940910339,123568
Grid+ USD,GRID-USD,2020-12-09,0.2099190056324005,0.2191939949989318,0.1991879940032959,0.2181809991598129,0.2181809991598129,118832
Grid+ USD,GRID-USD,2020-12-10,0.218190997838974,0.2193150073289871,0.1761180013418197,0.1826020032167434,0.1826020032167434,107087
Grid+ USD,GRID-USD,2020-12-11,0.1825949996709823,0.1827269941568374,0.1545079946517944,0.1574970036745071,0.1574970036745071,91385
Grid+ USD,GRID-USD,2020-12-12,0.1575089991092682,0.1757960021495819,0.1533730030059814,0.1546130031347274,0.1546130031347274,78355
Grid+ USD,GRID-USD,2020-12-13,0.1545850038528442,0.1749210059642791,0.1540559977293014,0.1722649931907653,0.1722649931907653,111789
Grid+ USD,GRID-USD,2020-12-14,0.1722770035266876,0.1748189926147461,0.1653539985418319,0.1735980063676834,0.1735980063676834,91624
Grid+ USD,GRID-USD,2020-12-15,0.1736029982566833,0.1801680028438568,0.1596899926662445,0.1698179990053177,0.1698179990053177,100515
Grid+ USD,GRID-USD,2020-12-16,0.1698130071163177,0.2133080065250396,0.1669729948043823,0.2037329971790313,0.2037329971790313,158785
Grid+ USD,GRID-USD,2020-12-17,0.2037020027637481,0.208406001329422,0.1803990006446838,0.1808030009269714,0.1808030009269714,123220
Grid+ USD,GRID-USD,2020-12-18,0.1807630062103271,0.1834300011396408,0.1630139946937561,0.1719910055398941,0.1719910055398941,105107
Grid+ USD,GRID-USD,2020-12-19,0.1720030009746551,0.1720030009746551,0.1644479930400848,0.1692849993705749,0.1692849993705749,92151
Grid+ USD,GRID-USD,2020-12-20,0.1692689955234527,0.1693489998579025,0.160630002617836,0.1636350005865097,0.1636350005865097,83746
Grid+ USD,GRID-USD,2020-12-21,0.1636359989643097,0.1673640012741089,0.1360639929771423,0.138600006699562,0.138600006699562,82081
Grid+ USD,GRID-USD,2020-12-22,0.1385920047760009,0.1650059968233108,0.1360750049352646,0.1646209955215454,0.1646209955215454,93071
Grid+ USD,GRID-USD,2020-12-23,0.1647260040044784,0.1676750034093856,0.1486970037221908,0.1535740047693252,0.1535740047693252,87654
Grid+ USD,GRID-USD,2020-12-24,0.1535490006208419,0.1588789969682693,0.1479679942131042,0.1576790064573288,0.1576790064573288,90285
Grid+ USD,GRID-USD,2020-12-25,0.1577280014753341,0.1627199947834015,0.1552670001983642,0.1624089926481247,0.1624089926481247,85549
Grid+ USD,GRID-USD,2020-12-26,0.1624089926481247,0.1684769988059997,0.1590490043163299,0.1643889993429184,0.1643889993429184,81209
Grid+ USD,GRID-USD,2020-12-27,0.1643500030040741,0.1830510050058365,0.1585630029439926,0.1610600054264068,0.1610600054264068,86499
Grid+ USD,GRID-USD,2020-12-28,0.1608089953660965,0.1815650016069412,0.1607600003480911,0.1649779975414276,0.1649779975414276,95526
Grid+ USD,GRID-USD,2020-12-29,0.1649470031261444,0.1665599942207336,0.1366419941186905,0.1443160027265548,0.1443160027265548,83860
Grid+ USD,GRID-USD,2020-12-30,0.1442860066890716,0.1589349955320358,0.1430770009756088,0.152207002043724,0.152207002043724,81254
Grid+ USD,GRID-USD,2020-12-31,0.152208998799324,0.1570830047130584,0.1483090072870254,0.1541299968957901,0.1541299968957901,79854
Grid+ USD,GRID-USD,2021-01-01,0.1540970057249069,0.1571020036935806,0.1425389945507049,0.14444400370121,0.14444400370121,71885
Grid+ USD,GRID-USD,2021-01-02,0.1444499939680099,0.1621740013360977,0.1418139934539795,0.1586679965257644,0.1586679965257644,80821
Grid+ USD,GRID-USD,2021-01-03,0.1586399972438812,0.2044810056686401,0.1576279997825622,0.1969069987535476,0.1969069987535476,113682
Grid+ USD,GRID-USD,2021-01-04,0.1975460052490234,0.2201859951019287,0.1711370050907135,0.1919839978218078,0.1919839978218078,99952
Grid+ USD,GRID-USD,2021-01-05,0.1921370029449463,0.2089940011501312,0.1703850030899047,0.2020370066165924,0.2020370066165924,112641
Grid+ USD,GRID-USD,2021-01-06,0.2020950019359588,0.219540998339653,0.1913069933652877,0.219540998339653,0.219540998339653,119985
Grid+ USD,GRID-USD,2021-01-07,0.2191359996795654,0.2246119976043701,0.1865610033273697,0.1991160064935684,0.1991160064935684,110727
Grid+ USD,GRID-USD,2021-01-08,0.1992579996585846,0.2072640061378479,0.1797749996185302,0.1986609995365142,0.1986609995365142,113334
Grid+ USD,GRID-USD,2021-01-09,0.1985429972410202,0.2025370001792907,0.1677709966897964,0.1779910027980804,0.1779910027980804,79083
Grid+ USD,GRID-USD,2021-01-10,0.177957996726036,0.1884550005197525,0.1628350019454956,0.1701239943504333,0.1701239943504333,92675
Grid+ USD,GRID-USD,2021-01-11,0.1700569987297058,0.1700569987297058,0.1200300008058548,0.1479630023241043,0.1479630023241043,90344
Grid+ USD,GRID-USD,2021-01-12,0.1482030004262924,0.1605609953403473,0.1360069960355758,0.1432780027389526,0.1432780027389526,76320
Grid+ USD,GRID-USD,2021-01-13,0.1434630006551742,0.1561989933252334,0.1358280032873153,0.1449999958276748,0.1449999958276748,76939
Grid+ USD,GRID-USD,2021-01-14,0.1450449973344802,0.1783419996500015,0.1412020027637481,0.178176999092102,0.178176999092102,102304
Grid+ USD,GRID-USD,2021-01-15,0.1782030016183853,0.1830269992351532,0.1467279940843582,0.1543609946966171,0.1543609946966171,81192
Grid+ USD,GRID-USD,2021-01-16,0.154349997639656,0.175256997346878,0.1490329951047897,0.1675170063972473,0.1675170063972473,97906
Grid+ USD,GRID-USD,2021-01-17,0.1673610061407089,0.1736339926719665,0.1590480059385299,0.1626220047473907,0.1626220047473907,88509
Grid+ USD,GRID-USD,2021-01-18,0.1627029925584793,0.1653960049152374,0.1497599929571151,0.1588799953460693,0.1588799953460693,82708
Grid+ USD,GRID-USD,2021-01-19,0.1588640064001083,0.1855749934911728,0.1576990038156509,0.177957996726036,0.177957996726036,99399
Grid+ USD,GRID-USD,2021-01-20,0.1779659986495971,0.1861750036478042,0.1614429950714111,0.1804839968681335,0.1804839968681335,97561
Grid+ USD,GRID-USD,2021-01-21,0.1803490072488784,0.1817049980163574,0.1468479931354522,0.149070993065834,0.149070993065834,81101
Grid+ USD,GRID-USD,2021-01-22,0.1491039991378784,0.1773190051317215,0.1416549980640411,0.1645440012216568,0.1645440012216568,92370
Grid+ USD,GRID-USD,2021-01-23,0.1645909994840622,0.177836999297142,0.1522530019283294,0.1568599939346313,0.1568599939346313,81633
Grid+ USD,GRID-USD,2021-01-24,0.15692700445652,0.1793420016765594,0.1552219986915588,0.1779890060424804,0.1779890060424804,102691
Grid+ USD,GRID-USD,2021-01-25,0.1778900027275085,0.1884959936141967,0.1675139963626861,0.1689350008964538,0.1689350008964538,90813
Grid+ USD,GRID-USD,2021-01-26,0.1691080033779144,0.1771010011434555,0.1614049971103668,0.173333004117012,0.173333004117012,95080
Grid+ USD,GRID-USD,2021-01-27,0.1732529997825622,0.1809139996767044,0.1458870023488998,0.1665980070829391,0.1665980070829391,128353
Grid+ USD,GRID-USD,2021-01-28,0.1667480021715164,0.1732410043478012,0.1547539979219436,0.1644539982080459,0.1644539982080459,99529
Grid+ USD,GRID-USD,2021-01-29,0.1685470044612884,0.1778980046510696,0.147267997264862,0.1709460020065307,0.1709460020065307,91722
Grid+ USD,GRID-USD,2021-01-30,0.1709229946136474,0.1766519993543625,0.1566500067710876,0.1591549962759018,0.1591549962759018,97376
Grid+ USD,GRID-USD,2021-01-31,0.1591960042715072,0.1598449945449829,0.1454070061445236,0.1528410017490387,0.1528410017490387,67395
Grid+ USD,GRID-USD,2021-02-01,0.1528459936380386,0.1539119929075241,0.1436740010976791,0.1523009985685348,0.1523009985685348,100112
Grid+ USD,GRID-USD,2021-02-02,0.1523759961128235,0.177837997674942,0.1511420011520385,0.1678559929132461,0.1678559929132461,97299
Grid+ USD,GRID-USD,2021-02-03,0.1677680015563964,0.1815550029277801,0.1625880002975464,0.1806630045175552,0.1806630045175552,79346
Grid+ USD,GRID-USD,2021-02-04,0.1806910037994384,0.1858929991722107,0.1614280045032501,0.1660999953746795,0.1660999953746795,89346
Grid+ USD,GRID-USD,2021-02-05,0.1660909950733184,0.1894800066947937,0.1645659953355789,0.1888040006160736,0.1888040006160736,116896
Grid+ USD,GRID-USD,2021-02-06,0.1888950020074844,0.1901340037584304,0.1671870052814483,0.1738020032644271,0.1738020032644271,98656
Grid+ USD,GRID-USD,2021-02-07,0.173783004283905,0.1795819997787475,0.1535719931125641,0.1749670058488845,0.1749670058488845,101282
Grid+ USD,GRID-USD,2021-02-08,0.1749880015850067,0.1948010027408599,0.1675380021333694,0.1879539936780929,0.1879539936780929,101886
Grid+ USD,GRID-USD,2021-02-09,0.1879010051488876,0.1997230052947998,0.1712960004806518,0.1987379938364029,0.1987379938364029,149036
Grid+ USD,GRID-USD,2021-02-10,0.198739007115364,0.2039439976215362,0.1828750073909759,0.1859630048274994,0.1859630048274994,100873
Grid+ USD,GRID-USD,2021-02-11,0.1859630048274994,0.1928330063819885,0.1821790039539337,0.1903029978275299,0.1903029978275299,106229
Grid+ USD,GRID-USD,2021-02-12,0.1903340071439743,0.1983940005302429,0.1767690032720565,0.1942809969186782,0.1942809969186782,103939
Grid+ USD,GRID-USD,2021-02-13,0.1942130029201507,0.2101150006055832,0.1861860007047653,0.205838993191719,0.205838993191719,126316
Grid+ USD,GRID-USD,2021-02-14,0.205822005867958,0.2158530056476593,0.2023770064115524,0.2074030041694641,0.2074030041694641,134665
Grid+ USD,GRID-USD,2021-02-15,0.207393005490303,0.2100729942321777,0.1778749972581863,0.1779029965400695,0.1779029965400695,106745
Grid+ USD,GRID-USD,2021-02-16,0.1781450062990188,0.201785996556282,0.1755699962377548,0.1807139962911605,0.1807139962911605,120961
Grid+ USD,GRID-USD,2021-02-17,0.1806090027093887,0.204367995262146,0.1756449937820434,0.1941960006952285,0.1941960006952285,130913
Grid+ USD,GRID-USD,2021-02-18,0.1945050060749054,0.2162459939718246,0.1945050060749054,0.2106200009584427,0.2106200009584427,108731
Grid+ USD,GRID-USD,2021-02-19,0.2105419933795929,0.2153970003128051,0.1853149980306625,0.1952559947967529,0.1952559947967529,118645
Grid+ USD,GRID-USD,2021-02-20,0.1951880007982254,0.2229260057210922,0.1920679956674575,0.2112559974193573,0.2112559974193573,132451
Grid+ USD,GRID-USD,2021-02-21,0.2110870033502578,0.2221650034189224,0.1968169957399368,0.1992760002613067,0.1992760002613067,118943
Grid+ USD,GRID-USD,2021-02-22,0.1992219984531402,0.2015720009803772,0.150624006986618,0.1911749988794326,0.1911749988794326,152379
Grid+ USD,GRID-USD,2021-02-23,0.1912740021944046,0.191881000995636,0.1467480063438415,0.1761409938335418,0.1761409938335418,101890
Grid+ USD,GRID-USD,2021-02-24,0.1762489974498748,0.1834390014410019,0.1560689955949783,0.1626790016889572,0.1626790016889572,87529
Grid+ USD,GRID-USD,2021-02-25,0.1630209982395172,0.1904129981994629,0.1603959947824478,0.1668130010366439,0.1668130010366439,96149
Grid+ USD,GRID-USD,2021-02-26,0.166702002286911,0.1764750033617019,0.1609449982643127,0.165811002254486,0.165811002254486,90232
Grid+ USD,GRID-USD,2021-02-27,0.1658069938421249,0.174014002084732,0.1527729928493499,0.1553570032119751,0.1553570032119751,89107
Grid+ USD,GRID-USD,2021-02-28,0.1553449928760528,0.1582970023155212,0.1301199942827224,0.14860799908638,0.14860799908638,81439
Grid+ USD,GRID-USD,2021-03-01,0.1486130058765411,0.1695590019226074,0.1430760025978088,0.1693190038204193,0.1693190038204193,98782
Grid+ USD,GRID-USD,2021-03-02,0.169306993484497,0.1790290027856826,0.1584610044956207,0.1654389947652816,0.1654389947652816,93707
Grid+ USD,GRID-USD,2021-03-03,0.1654440015554428,0.1780100017786026,0.1627469956874847,0.1729650050401687,0.1729650050401687,91667
Grid+ USD,GRID-USD,2021-03-04,0.1729290038347244,0.1828200072050094,0.1593019962310791,0.163671001791954,0.163671001791954,90900
Grid+ USD,GRID-USD,2021-03-05,0.1636790037155151,0.1670099943876266,0.1525840014219284,0.162662997841835,0.162662997841835,84300
Grid+ USD,GRID-USD,2021-03-06,0.1626719981431961,0.1790869981050491,0.1593890041112899,0.1761720031499862,0.1761720031499862,96251
Grid+ USD,GRID-USD,2021-03-07,0.1759790033102035,0.1846829950809478,0.1715240031480789,0.1822530031204223,0.1822530031204223,103109
Grid+ USD,GRID-USD,2021-03-08,0.1822730004787445,0.1957080066204071,0.1784480065107345,0.1948280036449432,0.1948280036449432,93677
Grid+ USD,GRID-USD,2021-03-09,0.1947859972715377,0.2027679979801178,0.188958004117012,0.2015340030193328,0.2015340030193328,109885
Grid+ USD,GRID-USD,2021-03-10,0.2015780061483383,0.2017820030450821,0.1863169968128204,0.1881529986858368,0.1881529986858368,98818
Grid+ USD,GRID-USD,2021-03-11,0.1881870031356811,0.1991679966449737,0.1818819940090179,0.195835992693901,0.195835992693901,131207
Grid+ USD,GRID-USD,2021-03-12,0.1959919929504394,0.198072999715805,0.1825529932975769,0.1858659982681274,0.1858659982681274,102756
Grid+ USD,GRID-USD,2021-03-13,0.1857420057058334,0.2105000019073486,0.181987002491951,0.2070109993219375,0.2070109993219375,114484
Grid+ USD,GRID-USD,2021-03-14,0.2070170044898986,0.2070939987897873,0.19302499294281,0.1952559947967529,0.1952559947967529,110485
Grid+ USD,GRID-USD,2021-03-15,0.1951609998941421,0.2078070044517517,0.1833209991455078,0.2062930017709732,0.2062930017709732,145244
Grid+ USD,GRID-USD,2021-03-16,0.206286996603012,0.2070630043745041,0.1925159990787506,0.2032079994678497,0.2032079994678497,119129
Grid+ USD,GRID-USD,2021-03-17,0.2031729966402053,0.2031729966402053,0.1869470030069351,0.1933590024709701,0.1933590024709701,87843
Grid+ USD,GRID-USD,2021-03-18,0.193461999297142,0.2006199955940246,0.185028001666069,0.193340003490448,0.193340003490448,64286
Grid+ USD,GRID-USD,2021-03-19,0.1933279931545257,0.2009160071611404,0.1801560074090957,0.1872480064630508,0.1872480064630508,54771
Grid+ USD,GRID-USD,2021-03-20,0.1872680038213729,0.1929440051317215,0.1785770058631897,0.1785770058631897,0.1785770058631897,50802
Grid+ USD,GRID-USD,2021-03-21,0.1784660071134567,0.1801050007343292,0.1727540045976638,0.1756269931793213,0.1756269931793213,48723
Grid+ USD,GRID-USD,2021-03-22,0.1756370067596435,0.1784359961748123,0.1653600037097931,0.1679159998893737,0.1679159998893737,52644
Grid+ USD,GRID-USD,2021-03-23,0.1679009944200515,0.1849499940872192,0.1635559946298599,0.1847610026597976,0.1847610026597976,48479
Grid+ USD,GRID-USD,2021-03-24,0.1846449971199035,0.1858499944210052,0.1637140065431594,0.1685290038585662,0.1685290038585662,62053
Grid+ USD,GRID-USD,2021-03-25,0.1684180051088333,0.1704339981079101,0.1524520069360733,0.1554010063409805,0.1554010063409805,60665
Grid+ USD,GRID-USD,2021-03-26,0.1553539931774139,0.1685400009155273,0.1551789939403534,0.1684010028839111,0.1684010028839111,45039
Grid+ USD,GRID-USD,2021-03-27,0.16839300096035,0.1704770028591156,0.1539530009031295,0.1583990007638931,0.1583990007638931,50408
Grid+ USD,GRID-USD,2021-03-28,0.1583389937877655,0.1619359999895095,0.155235007405281,0.156492993235588,0.156492993235588,44788
Grid+ USD,GRID-USD,2021-03-29,0.1564709991216659,0.1691810041666031,0.1544259935617447,0.1682499945163726,0.1682499945163726,47442
Grid+ USD,GRID-USD,2021-03-30,0.1682440042495727,0.1740639954805374,0.1651639938354492,0.1693660020828247,0.1693660020828247,45780
Grid+ USD,GRID-USD,2021-03-31,0.1693409979343414,0.177373006939888,0.1633120030164718,0.1714120060205459,0.1714120060205459,57416
Grid+ USD,GRID-USD,2021-04-01,0.171315997838974,0.1748829931020736,0.1619990020990371,0.1681859940290451,0.1681859940290451,54739
Grid+ USD,GRID-USD,2021-04-02,0.168285995721817,0.184578001499176,0.1664929986000061,0.1829109936952591,0.1829109936952591,58258
Grid+ USD,GRID-USD,2021-04-03,0.1828639954328537,0.1846600025892257,0.1598909944295883,0.1801310032606125,0.1801310032606125,27483
Grid+ USD,GRID-USD,2021-04-04,0.1800380051136016,0.1913679987192154,0.1786449998617172,0.1911330074071884,0.1911330074071884,62241
Grid+ USD,GRID-USD,2021-04-05,0.191112995147705,0.1933699995279312,0.1846249997615814,0.1895779967308044,0.1895779967308044,52854
Grid+ USD,GRID-USD,2021-04-06,0.1898169964551925,0.5364450216293335,0.1898169964551925,0.4815819859504699,0.4815819859504699,1160994
Grid+ USD,GRID-USD,2021-04-07,0.4815439879894256,1.0248199701309204,0.4282079935073852,0.7041329741477966,0.7041329741477966,3283274
Grid+ USD,GRID-USD,2021-04-08,0.7017859816551208,0.7109079957008362,0.367462009191513,0.413111001253128,0.413111001253128,965682
Grid+ USD,GRID-USD,2021-04-09,0.4130479991436004,0.4597960114479065,0.2945410013198852,0.3075239956378937,0.3075239956378937,294985
Grid+ USD,GRID-USD,2021-04-10,0.3075850009918213,0.3544969856739044,0.2985599935054779,0.3499009907245636,0.3499009907245636,222660
Grid+ USD,GRID-USD,2021-04-11,0.3499549925327301,0.3582830131053924,0.3160020112991333,0.3269349932670593,0.3269349932670593,129226
Grid+ USD,GRID-USD,2021-04-12,0.3269299864768982,0.329708993434906,0.2898989915847778,0.2960410118103027,0.2960410118103027,121142
Grid+ USD,GRID-USD,2021-04-13,0.295879989862442,0.3016200065612793,0.2690689861774444,0.2831049859523773,0.2831049859523773,119899
Grid+ USD,GRID-USD,2021-04-14,0.2829599976539612,0.3041169941425323,0.2340410053730011,0.3026629984378814,0.3026629984378814,141627
Grid+ USD,GRID-USD,2021-04-15,0.3027650117874145,0.337116003036499,0.2881669998168945,0.2955679893493652,0.2955679893493652,110787
Grid+ USD,GRID-USD,2021-04-16,0.29550701379776,0.2973839938640594,0.2305060029029846,0.2310550063848495,0.2310550063848495,95685
Grid+ USD,GRID-USD,2021-04-17,0.2309239953756332,0.263493001461029,0.2306990027427673,0.2432669997215271,0.2432669997215271,77008
Grid+ USD,GRID-USD,2021-04-18,0.2430299967527389,0.2450029999017715,0.2071380019187927,0.2284149974584579,0.2284149974584579,92738
Grid+ USD,GRID-USD,2021-04-19,0.2285850048065185,0.2368140071630478,0.2072580009698867,0.2156540006399154,0.2156540006399154,70412
Grid+ USD,GRID-USD,2021-04-20,0.2157330065965652,0.2380809932947158,0.2071000039577484,0.2307910025119781,0.2307910025119781,64812
Grid+ USD,GRID-USD,2021-04-21,0.2310850024223327,0.2550399899482727,0.2230779975652694,0.235958993434906,0.235958993434906,85505
Grid+ USD,GRID-USD,2021-04-22,0.2361650019884109,0.2618800103664398,0.2301059961318969,0.2382829934358596,0.2382829934358596,63855
Grid+ USD,GRID-USD,2021-04-23,0.2379869967699051,0.2419680058956146,0.2104469984769821,0.2304690033197403,0.2304690033197403,87436
Grid+ USD,GRID-USD,2021-04-24,0.2302950024604797,0.2307170033454895,0.21212999522686,0.2190839946269989,0.2190839946269989,65650
Grid+ USD,GRID-USD,2021-04-25,0.2188439965248108,0.2327380031347274,0.2151149958372116,0.2281550019979477,0.2281550019979477,82930
Grid+ USD,GRID-USD,2021-04-26,0.2283889949321746,0.249437004327774,0.2197220027446746,0.2425729930400848,0.2425729930400848,74288
Grid+ USD,GRID-USD,2021-04-27,0.2424190044403076,0.2453629970550537,0.2308730036020279,0.2406619936227798,0.2406619936227798,57645
Grid+ USD,GRID-USD,2021-04-28,0.2408130019903183,0.2718330025672912,0.2275310009717941,0.2427639961242675,0.2427639961242675,77506
Grid+ USD,GRID-USD,2021-04-29,0.2428350001573562,0.2441840022802353,0.2344889938831329,0.2398779988288879,0.2398779988288879,64950
Grid+ USD,GRID-USD,2021-04-30,0.2398129999637603,0.2431620061397552,0.2371809929609298,0.2410240024328231,0.2410240024328231,62295
Grid+ USD,GRID-USD,2021-05-01,0.241016998887062,0.2608999907970428,0.2395289987325668,0.2606390118598938,0.2606390118598938,94872
Grid+ USD,GRID-USD,2021-05-02,0.2605969905853271,0.2775030136108398,0.2447929978370666,0.2541790008544922,0.2541790008544922,78675
Grid+ USD,GRID-USD,2021-05-03,0.2562119960784912,0.2973459959030151,0.2551659941673279,0.2929340004920959,0.2929340004920959,96857
Grid+ USD,GRID-USD,2021-05-04,0.2938140034675598,0.2971520125865936,0.2681269943714142,0.2690869867801666,0.2690869867801666,80393
Grid+ USD,GRID-USD,2021-05-05,0.2700659930706024,0.2865520119667053,0.2645789980888366,0.2852759957313537,0.2852759957313537,96191
Grid+ USD,GRID-USD,2021-05-06,0.2851580083370209,0.2901059985160827,0.267767995595932,0.2805550098419189,0.2805550098419189,101075
Grid+ USD,GRID-USD,2021-05-07,0.2807579934597015,0.2984209954738617,0.268546998500824,0.2752259969711303,0.2752259969711303,94187
Grid+ USD,GRID-USD,2021-05-08,0.2752040028572082,0.3012639880180359,0.2693749964237213,0.2972260117530823,0.2972260117530823,93413
Grid+ USD,GRID-USD,2021-05-09,0.2972210049629211,0.321494996547699,0.2844269871711731,0.318805992603302,0.318805992603302,144162
Grid+ USD,GRID-USD,2021-05-10,0.3189400136470794,0.347557008266449,0.2958180010318756,0.3042879998683929,0.3042879998683929,86292
Grid+ USD,GRID-USD,2021-05-11,0.3041920065879822,0.3211590051651001,0.292620986700058,0.3181560039520263,0.3181560039520263,77034
Grid+ USD,GRID-USD,2021-05-12,0.3178899884223938,0.336010992527008,0.2835739850997925,0.2835739850997925,0.2835739850997925,92039
Grid+ USD,GRID-USD,2021-05-13,0.2807460129261017,0.329382985830307,0.256989985704422,0.2656840085983276,0.2656840085983276,238332
Grid+ USD,GRID-USD,2021-05-14,0.265872985124588,0.3032079935073852,0.2653639912605285,0.2883580029010772,0.2883580029010772,99165
Grid+ USD,GRID-USD,2021-05-15,0.2884309887886047,0.2914339900016784,0.252265989780426,0.252265989780426,0.252265989780426,87146
Grid+ USD,GRID-USD,2021-05-16,0.2517020106315613,0.2678729891777038,0.235627993941307,0.2571820020675659,0.2571820020675659,115143
Grid+ USD,GRID-USD,2021-05-17,0.2573910057544708,0.2685520052909851,0.2272769957780838,0.2426300048828125,0.2426300048828125,58653
Grid+ USD,GRID-USD,2021-05-18,0.2435009926557541,0.2642239928245544,0.2347790002822876,0.2539229989051819,0.2539229989051819,92433
Grid+ USD,GRID-USD,2021-05-19,0.2535899877548218,0.2570649981498718,0.1461450010538101,0.1800570040941238,0.1800570040941238,86581
Grid+ USD,GRID-USD,2021-05-20,0.1792639940977096,0.208978995680809,0.1577659994363784,0.2043900042772293,0.2043900042772293,81881
Grid+ USD,GRID-USD,2021-05-21,0.204594999551773,0.2177149951457977,0.1520570069551468,0.1820389926433563,0.1820389926433563,76923
Grid+ USD,GRID-USD,2021-05-22,0.1822459995746612,0.1857620030641555,0.1614989936351776,0.1683219969272613,0.1683219969272613,50085
Grid+ USD,GRID-USD,2021-05-23,0.1684200018644333,0.1802310049533844,0.123207002878189,0.1766220033168792,0.1766220033168792,72087
Grid+ USD,GRID-USD,2021-05-24,0.17637999355793,0.2010760009288787,0.1618890017271042,0.2005230039358139,0.2005230039358139,87244
Grid+ USD,GRID-USD,2021-05-25,0.2006399929523468,0.2155620008707046,0.1839199960231781,0.2132569998502731,0.2132569998502731,115558
Grid+ USD,GRID-USD,2021-05-26,0.2136110067367553,0.2373279929161071,0.2094230055809021,0.2373279929161071,0.2373279929161071,73279
Grid+ USD,GRID-USD,2021-05-27,0.2375179976224899,0.2376890033483505,0.2165430039167404,0.2257699966430664,0.2257699966430664,58947
Grid+ USD,GRID-USD,2021-05-28,0.2256020009517669,0.2276919931173324,0.1801560074090957,0.1851619929075241,0.1851619929075241,63804
Grid+ USD,GRID-USD,2021-05-29,0.1851889938116073,0.1967390030622482,0.17153100669384,0.185599997639656,0.185599997639656,58222
Grid+ USD,GRID-USD,2021-05-30,0.1859389990568161,0.204036995768547,0.1786449998617172,0.1971990019083023,0.1971990019083023,71740
Grid+ USD,GRID-USD,2021-05-31,0.1970939934253692,0.2191340029239654,0.1867620050907135,0.2185460031032562,0.2185460031032562,79303
Grid+ USD,GRID-USD,2021-06-01,0.2190649956464767,0.2213840037584304,0.1819069981575012,0.1884759962558746,0.1884759962558746,50997
Grid+ USD,GRID-USD,2021-06-02,0.188627004623413,0.2298150062561035,0.1817529946565628,0.2237560003995895,0.2237560003995895,98230
Grid+ USD,GRID-USD,2021-06-03,0.2236219942569732,0.2376729995012283,0.2211569994688034,0.2288819998502731,0.2288819998502731,62552
Grid+ USD,GRID-USD,2021-06-04,0.2289749979972839,0.2440789937973022,0.2099249958992004,0.2413340061903,0.2413340061903,100523
Grid+ USD,GRID-USD,2021-06-05,0.2410410046577453,0.2519919872283935,0.2169329971075058,0.2490430027246475,0.2490430027246475,84486
Grid+ USD,GRID-USD,2021-06-06,0.2490749955177307,0.2605659961700439,0.228750005364418,0.2319280058145523,0.2319280058145523,80537
Grid+ USD,GRID-USD,2021-06-07,0.2319860011339187,0.2430880069732666,0.2192839980125427,0.2203769981861114,0.2203769981861114,67903
Grid+ USD,GRID-USD,2021-06-08,0.2198420017957687,0.2425709962844848,0.1766320019960403,0.2369450032711029,0.2369450032711029,160552
Grid+ USD,GRID-USD,2021-06-09,0.2368970066308975,0.2434969991445541,0.2279170006513595,0.235611006617546,0.235611006617546,63720
Grid+ USD,GRID-USD,2021-06-10,0.2358410060405731,0.2523419857025146,0.2187999933958053,0.2209489941596985,0.2209489941596985,58346
Grid+ USD,GRID-USD,2021-06-11,0.2210669964551925,0.2458209991455078,0.2142370045185089,0.2322240024805069,0.2322240024805069,112079
Grid+ USD,GRID-USD,2021-06-12,0.2324150055646896,0.2399069964885711,0.2213860005140304,0.2312120050191879,0.2312120050191879,73294
Grid+ USD,GRID-USD,2021-06-13,0.2313349992036819,0.2461850047111511,0.2233349978923797,0.2436300069093704,0.2436300069093704,63145
Grid+ USD,GRID-USD,2021-06-14,0.2436790019273758,0.2449930012226104,0.2323230057954788,0.2412469983100891,0.2412469983100891,59059
Grid+ USD,GRID-USD,2021-06-15,0.2378910034894943,0.2484209984540939,0.225163996219635,0.2416220009326934,0.2416220009326934,63023
Grid+ USD,GRID-USD,2021-06-16,0.240663006901741,0.240663006901741,0.2173150032758712,0.2194360047578811,0.2194360047578811,63426
Grid+ USD,GRID-USD,2021-06-17,0.2195650041103363,0.2271659970283508,0.2058739960193634,0.2128649950027465,0.2128649950027465,94203
Grid+ USD,GRID-USD,2021-06-18,0.2128899991512298,0.2130990028381347,0.1882680058479309,0.1948969960212707,0.1948969960212707,51061
Grid+ USD,GRID-USD,2021-06-19,0.1951600015163421,0.1964409947395324,0.1840730011463165,0.1847130060195922,0.1847130060195922,49183
Grid+ USD,GRID-USD,2021-06-20,0.1848769932985305,0.1931049972772598,0.1734170019626617,0.1917490065097808,0.1917490065097808,50949
Grid+ USD,GRID-USD,2021-06-21,0.1917449980974197,0.1928540021181106,0.1646549999713897,0.1661729961633682,0.1661729961633682,62452
Grid+ USD,GRID-USD,2021-06-22,0.1662250012159347,0.1757909953594207,0.1508670002222061,0.1655430048704147,0.1655430048704147,43812
Grid+ USD,GRID-USD,2021-06-23,0.1656869947910308,0.1773470044136047,0.1613530069589615,0.1719779968261718,0.1719779968261718,45889
Grid+ USD,GRID-USD,2021-06-24,0.1677650064229965,0.1769929975271225,0.1632560044527053,0.172324001789093,0.172324001789093,52348
Grid+ USD,GRID-USD,2021-06-25,0.1723099946975708,0.1744049936532974,0.1549949944019317,0.1570180058479309,0.1570180058479309,41122
Grid+ USD,GRID-USD,2021-06-26,0.1569370031356811,0.1595180034637451,0.1357360035181045,0.1455830037593841,0.1455830037593841,44599
Grid+ USD,GRID-USD,2021-06-27,0.145915001630783,0.180430993437767,0.1447539925575256,0.1800709962844848,0.1800709962844848,59829
Grid+ USD,GRID-USD,2021-06-28,0.180304005742073,0.1819400042295456,0.1605679988861084,0.1677480041980743,0.1677480041980743,48260
Grid+ USD,GRID-USD,2021-06-29,0.1676370054483413,0.1852360069751739,0.1671860069036483,0.1824720054864883,0.1824720054864883,52882
Grid+ USD,GRID-USD,2021-06-30,0.1820790022611618,0.1996580064296722,0.1786420047283172,0.1993979960680008,0.1993979960680008,85185
Grid+ USD,GRID-USD,2021-07-01,0.1996150016784668,0.2002210021018982,0.1865109950304031,0.1873539984226226,0.1873539984226226,51982
Grid+ USD,GRID-USD,2021-07-02,0.187618002295494,0.1897410005331039,0.1571969985961914,0.1647859960794448,0.1647859960794448,51284
Grid+ USD,GRID-USD,2021-07-03,0.1647669970989227,0.1973379999399185,0.1639479994773864,0.1936610043048858,0.1936610043048858,53456
Grid+ USD,GRID-USD,2021-07-04,0.1936060041189193,0.2096569985151291,0.1918489933013916,0.2037529945373535,0.2037529945373535,61758
Grid+ USD,GRID-USD,2021-07-05,0.20380200445652,0.2088409960269928,0.1968519985675811,0.2010290026664734,0.2010290026664734,53980
Grid+ USD,GRID-USD,2021-07-06,0.2004989981651306,0.2141560018062591,0.2002270072698593,0.2088750004768371,0.2088750004768371,68298
Grid+ USD,GRID-USD,2021-07-07,0.208854004740715,0.211553007364273,0.1828089952468872,0.1828639954328537,0.1828639954328537,40913
Grid+ USD,GRID-USD,2021-07-08,0.1831080019474029,0.1838659942150116,0.1671259999275207,0.1697710007429123,0.1697710007429123,23916
Grid+ USD,GRID-USD,2021-07-09,0.1696719974279403,0.1714109927415847,0.1608279943466186,0.1706690043210983,0.1706690043210983,27187
Grid+ USD,GRID-USD,2021-07-10,0.170415997505188,0.1751520037651062,0.1663839966058731,0.1722539961338043,0.1722539961338043,36110
Grid+ USD,GRID-USD,2021-07-11,0.1723449975252151,0.2034270018339157,0.166374996304512,0.2001090049743652,0.2001090049743652,51916
Grid+ USD,GRID-USD,2021-07-12,0.200106993317604,0.2044440060853958,0.1919230073690414,0.1957380026578903,0.1957380026578903,44553
Grid+ USD,GRID-USD,2021-07-13,0.1957489997148513,0.1957489997148513,0.1612250059843063,0.1625330001115799,0.1625330001115799,39678
Grid+ USD,GRID-USD,2021-07-14,0.1625210046768188,0.1692699939012527,0.1547710001468658,0.167941004037857,0.167941004037857,47418
Grid+ USD,GRID-USD,2021-07-15,0.1679950058460235,0.1831330060958862,0.1653009951114654,0.1775970011949539,0.1775970011949539,72192
Grid+ USD,GRID-USD,2021-07-16,0.1777189970016479,0.1812739968299865,0.1716600060462951,0.1770009994506836,0.1770009994506836,33421
Grid+ USD,GRID-USD,2021-07-17,0.176947996020317,0.1809069961309433,0.1741330027580261,0.1779769957065582,0.1779769957065582,30723
Grid+ USD,GRID-USD,2021-07-18,0.1780019998550415,0.1863410025835037,0.1717289984226226,0.173348993062973,0.173348993062973,32970
Grid+ USD,GRID-USD,2021-07-19,0.1732710003852844,0.1749089956283569,0.1643069982528686,0.1668519973754882,0.1668519973754882,28801
Grid+ USD,GRID-USD,2021-07-20,0.1668519973754882,0.1690080016851425,0.1550779938697815,0.1583950072526931,0.1583950072526931,28181
Grid+ USD,GRID-USD,2021-07-21,0.1584739983081817,0.1810470074415207,0.1565389931201934,0.1781100034713745,0.1781100034713745,42336
Grid+ USD,GRID-USD,2021-07-22,0.1782229989767074,0.1829340010881424,0.1721950024366378,0.180209994316101,0.180209994316101,30700
Grid+ USD,GRID-USD,2021-07-23,0.180209994316101,0.1893299967050552,0.1774639934301376,0.1890500038862228,0.1890500038862228,30877
Grid+ USD,GRID-USD,2021-07-24,0.1890870034694671,0.1951870024204254,0.1812430024147033,0.1894419938325882,0.1894419938325882,35583
Grid+ USD,GRID-USD,2021-07-25,0.1895940005779266,0.1923750042915344,0.1781830042600631,0.1921000033617019,0.1921000033617019,38353
Grid+ USD,GRID-USD,2021-07-26,0.1919939965009689,0.209086999297142,0.1906819939613342,0.1913560032844543,0.1913560032844543,35612
Grid+ USD,GRID-USD,2021-07-27,0.190992996096611,0.2068939954042434,0.1854269951581955,0.2026419937610626,0.2026419937610626,40026
Grid+ USD,GRID-USD,2021-07-28,0.2027190029621124,0.2078830003738403,0.1998469978570938,0.205372005701065,0.205372005701065,100186
Grid+ USD,GRID-USD,2021-07-29,0.2051690071821212,0.2110529989004135,0.2005749940872192,0.2101459950208664,0.2101459950208664,229056
Grid+ USD,GRID-USD,2021-07-30,0.2103099972009658,0.2141290009021759,0.200982004404068,0.2092469930648803,0.2092469930648803,229881
Grid+ USD,GRID-USD,2021-07-31,0.2093659937381744,0.2198279947042465,0.2053910046815872,0.2186239957809448,0.2186239957809448,254916
Grid+ USD,GRID-USD,2021-08-01,0.2183749973773956,0.2369090020656585,0.2176139950752258,0.2232750058174133,0.2232750058174133,267330
Grid+ USD,GRID-USD,2021-08-02,0.2228669971227646,0.231790006160736,0.2195969969034195,0.2244549989700317,0.2244549989700317,300773
Grid+ USD,GRID-USD,2021-08-03,0.2245759963989257,0.22707599401474,0.206727996468544,0.2153279930353164,0.2153279930353164,259458
Grid+ USD,GRID-USD,2021-08-04,0.2153359949588775,0.2345730066299438,0.2079199999570846,0.2303449958562851,0.2303449958562851,263827
Grid+ USD,GRID-USD,2021-08-05,0.2301860004663467,0.2501929998397827,0.2235099971294403,0.2484109997749328,0.2484109997749328,289976
Grid+ USD,GRID-USD,2021-08-06,0.2483869940042495,0.2619949877262115,0.2403029948472976,0.2565869987010956,0.2565869987010956,295709
Grid+ USD,GRID-USD,2021-08-07,0.2563599944114685,0.2782799899578094,0.2532489895820617,0.2736499905586242,0.2736499905586242,315022
Grid+ USD,GRID-USD,2021-08-08,0.2729209959506988,0.2742359936237335,0.2455900013446808,0.2471240013837814,0.2471240013837814,292602
Grid+ USD,GRID-USD,2021-08-09,0.2474000006914138,0.2608380019664764,0.2377600073814392,0.2534599900245666,0.2534599900245666,201224
Grid+ USD,GRID-USD,2021-08-10,0.2537510097026825,0.2775999903678894,0.2481119930744171,0.2703880071640014,0.2703880071640014,130643
Grid+ USD,GRID-USD,2021-08-11,0.2704960107803345,0.285165011882782,0.2662749886512756,0.2766880095005035,0.2766880095005035,136117
Grid+ USD,GRID-USD,2021-08-12,0.2762219905853271,0.2939110100269317,0.272148996591568,0.2937059998512268,0.2937059998512268,96307
Grid+ USD,GRID-USD,2021-08-13,0.2933650016784668,0.3091340065002441,0.2927150130271911,0.3043200075626373,0.3043200075626373,139888
Grid+ USD,GRID-USD,2021-08-14,0.3041490018367767,0.3044590055942535,0.2798349857330322,0.2872300148010254,0.2872300148010254,146193
Grid+ USD,GRID-USD,2021-08-15,0.2872990071773529,0.2899970114231109,0.2695069909095764,0.2866509854793548,0.2866509854793548,130457
Grid+ USD,GRID-USD,2021-08-16,0.2868120074272156,0.2932629883289337,0.2747809886932373,0.2762509882450104,0.2762509882450104,124655
Grid+ USD,GRID-USD,2021-08-17,0.2756949961185455,0.2863729894161224,0.2640059888362884,0.2667610049247741,0.2667610049247741,57523
Grid+ USD,GRID-USD,2021-08-18,0.2667630016803741,0.2891429960727691,0.2623069882392883,0.2683570086956024,0.2683570086956024,94495
Grid+ USD,GRID-USD,2021-08-19,0.2680799961090088,0.2976610064506531,0.263590008020401,0.2976610064506531,0.2976610064506531,57000
Grid+ USD,GRID-USD,2021-08-20,0.2978650033473968,0.3093500137329101,0.2978650033473968,0.3075479865074157,0.3075479865074157,167474
Grid+ USD,GRID-USD,2021-08-21,0.3075549900531769,0.3091199994087219,0.300711989402771,0.3019990026950836,0.3019990026950836,173357
Grid+ USD,GRID-USD,2021-08-22,0.301952987909317,0.3281500041484833,0.3013480007648468,0.3207220137119293,0.3207220137119293,200613
Grid+ USD,GRID-USD,2021-08-23,0.3206219971179962,0.325221985578537,0.3139019906520843,0.3203969895839691,0.3203969895839691,140071
Grid+ USD,GRID-USD,2021-08-24,0.3204430043697357,0.3270319998264313,0.2993240058422088,0.2997579872608185,0.2997579872608185,145233
Grid+ USD,GRID-USD,2021-08-25,0.2991150021553039,0.3138569891452789,0.2895860075950622,0.3116489946842193,0.3116489946842193,151563
Grid+ USD,GRID-USD,2021-08-26,0.3113200068473816,0.3135550022125244,0.2965520024299621,0.2992019951343536,0.2992019951343536,131810
Grid+ USD,GRID-USD,2021-08-27,0.2992700040340423,0.3125480115413666,0.2953960001468658,0.3108089864253998,0.3108089864253998,131252
Grid+ USD,GRID-USD,2021-08-28,0.3112379908561706,0.3147349953651428,0.3052749931812286,0.3132059872150421,0.3132059872150421,67569
Grid+ USD,GRID-USD,2021-08-29,0.3134979903697967,0.3236080110073089,0.3068130016326904,0.3202910125255584,0.3202910125255584,42522
Grid+ USD,GRID-USD,2021-08-30,0.3202320039272308,0.3331370055675506,0.3068119883537292,0.3232170045375824,0.3232170045375824,14633
Grid+ USD,GRID-USD,2021-08-31,0.3230609893798828,0.3429160118103027,0.3204379975795746,0.3309789896011352,0.3309789896011352,23112
Grid+ USD,GRID-USD,2021-09-01,0.3308309912681579,0.3607040047645569,0.3273699879646301,0.3551140129566192,0.3551140129566192,1278
Grid+ USD,GRID-USD,2021-09-02,0.354095995426178,0.3679910004138946,0.3521449863910675,0.3650279939174652,0.3650279939174652,3699
Grid+ USD,GRID-USD,2021-09-03,0.3649559915065765,0.3652159869670868,0.3225849866867065,0.3548130095005035,0.3548130095005035,141369
Grid+ USD,GRID-USD,2021-09-04,0.3547250032424927,0.3589189946651459,0.3436489999294281,0.3446339964866638,0.3446339964866638,16182
Grid+ USD,GRID-USD,2021-09-05,0.3447690010070801,0.3615509867668152,0.3414080142974853,0.3505020141601562,0.3505020141601562,13336
Grid+ USD,GRID-USD,2021-09-06,0.3505580127239227,0.3511660099029541,0.340844988822937,0.3444739878177643,0.3444739878177643,128085
Grid+ USD,GRID-USD,2021-09-07,0.3443729877471924,0.3456990122795105,0.2886390089988708,0.3106440007686615,0.3106440007686615,3378
Grid+ USD,GRID-USD,2021-09-08,0.3109230101108551,0.3207210004329681,0.2924050092697143,0.3157449960708618,0.3157449960708618,2983
Grid+ USD,GRID-USD,2021-09-09,0.3174889981746673,0.3258619904518127,0.2997399866580963,0.3147090077400207,0.3147090077400207,36741
Grid+ USD,GRID-USD,2021-09-10,0.3146919906139374,0.3215659856796264,0.2911899983882904,0.2944009900093078,0.2944009900093078,978
Grid+ USD,GRID-USD,2021-09-11,0.2944360077381134,0.3058499991893768,0.2941069900989532,0.2988879978656769,0.2988879978656769,2963
Grid+ USD,GRID-USD,2021-09-12,0.2987929880619049,0.3167310059070587,0.2968479990959167,0.3119350075721741,0.3119350075721741,4874
Grid+ USD,GRID-USD,2021-09-13,0.3118819892406463,0.3143070042133331,0.2747710049152374,0.3010599911212921,0.3010599911212921,2328
Grid+ USD,GRID-USD,2021-09-14,0.3008979856967926,0.3048970103263855,0.2943249940872192,0.3040820062160492,0.3040820062160492,51414
Grid+ USD,GRID-USD,2021-09-15,0.3039250075817108,0.3217749893665313,0.3031359910964966,0.3214089870452881,0.3214089870452881,1599
Grid+ USD,GRID-USD,2021-09-16,0.3215160071849823,0.3271810114383697,0.3118349909782409,0.3197909891605377,0.3197909891605377,348
Grid+ USD,GRID-USD,2021-09-17,0.3195469975471496,0.3232159912586212,0.3022989928722381,0.3055559992790222,0.3055559992790222,16314
Grid+ USD,GRID-USD,2021-09-18,0.3057509958744049,0.3180060088634491,0.3035669922828674,0.3085379898548126,0.3085379898548126,5711
Grid+ USD,GRID-USD,2021-09-19,0.3086830079555511,0.3110589981079101,0.2972759902477264,0.2992799878120422,0.2992799878120422,410
Grid+ USD,GRID-USD,2021-09-20,0.2992970049381256,0.2997809946537018,0.2600989937782287,0.2615970075130462,0.2615970075130462,48828
Grid+ USD,GRID-USD,2021-09-21,0.2613579928874969,0.2733330130577087,0.2407409995794296,0.243596002459526,0.243596002459526,23271
Grid+ USD,GRID-USD,2021-09-22,0.2435539960861206,0.2705349922180176,0.2435539960861206,0.2697780132293701,0.2697780132293701,0
Grid+ USD,GRID-USD,2021-09-23,0.2699140012264251,0.279246985912323,0.2678970098495483,0.2784079909324646,0.2784079909324646,2792
Grid+ USD,GRID-USD,2021-09-24,0.2784389853477478,0.2791259884834289,0.2461709976196289,0.2571220099925995,0.2571220099925995,26827
Grid+ USD,GRID-USD,2021-09-25,0.2572090029716491,0.2597379982471466,0.2488290071487426,0.2593919932842254,0.2593919932842254,9135
Grid+ USD,GRID-USD,2021-09-26,0.2593429982662201,0.2741219997406006,0.2437150031328201,0.2696549892425537,0.2696549892425537,3040
Grid+ USD,GRID-USD,2021-09-27,0.2694990038871765,0.2793129980564117,0.2608239948749542,0.2608239948749542,0.2608239948749542,5735
Grid+ USD,GRID-USD,2021-09-28,0.2608439922332763,0.2632539868354797,0.2479639947414398,0.2484849989414215,0.2484849989414215,2502
Grid+ USD,GRID-USD,2021-09-29,0.2481690049171447,0.260111004114151,0.2472620010375976,0.2512359917163849,0.2512359917163849,2582
Grid+ USD,GRID-USD,2021-09-30,0.2509509921073913,0.2682220041751861,0.2507300078868866,0.2616359889507293,0.2616359889507293,0
Grid+ USD,GRID-USD,2021-10-01,0.2616840004920959,0.3018009960651397,0.2598620057106018,0.297338992357254,0.297338992357254,166072
Grid+ USD,GRID-USD,2021-10-02,0.2973319888114929,0.3189739882946014,0.2973020076751709,0.3136999905109405,0.3136999905109405,24004
Grid+ USD,GRID-USD,2021-10-03,0.3132430016994476,0.3292639851570129,0.3103800117969513,0.3231559991836548,0.3231559991836548,103044
Grid+ USD,GRID-USD,2021-10-04,0.3231480121612549,0.3232859969139099,0.3147949874401092,0.3175469934940338,0.3175469934940338,27173
Grid+ USD,GRID-USD,2021-10-05,0.3176259994506836,0.3319369852542877,0.3147090077400207,0.3301270008087158,0.3301270008087158,170
Grid+ USD,GRID-USD,2021-10-06,0.329571008682251,0.3394489884376526,0.3222599923610687,0.3373380005359649,0.3373380005359649,25888
Grid+ USD,GRID-USD,2021-10-07,0.3375419974327087,0.3421480059623718,0.3242129981517792,0.331510990858078,0.331510990858078,61089
Grid+ USD,GRID-USD,2021-10-08,0.3311049938201904,0.3392370045185089,0.3262250125408172,0.3317520022392273,0.3317520022392273,25660
Grid+ USD,GRID-USD,2021-10-09,0.3316409885883331,0.3365750014781952,0.329364001750946,0.3341700136661529,0.3341700136661529,230
Grid+ USD,GRID-USD,2021-10-10,0.3337909877300262,0.3343270123004913,0.3174940049648285,0.3177329897880554,0.3177329897880554,18023
Grid+ USD,GRID-USD,2021-10-11,0.3174409866333008,0.3339430093765259,0.3152450025081634,0.3277750015258789,0.3277750015258789,6644
Grid+ USD,GRID-USD,2021-10-12,0.3275609910488128,0.3290910124778747,0.3161549866199493,0.3281620144844055,0.3281620144844055,41631
Grid+ USD,GRID-USD,2021-10-13,0.3282890021800995,0.3375909924507141,0.3076629936695099,0.3370009958744049,0.3370009958744049,641
Grid+ USD,GRID-USD,2021-10-14,0.3372209966182709,0.358134001493454,0.3247439861297607,0.3576180040836334,0.3576180040836334,27
Grid+ USD,GRID-USD,2021-10-15,0.3571909964084625,0.3667860031127929,0.3494009971618652,0.3639419972896576,0.3639419972896576,5864
Grid+ USD,GRID-USD,2021-10-16,0.3644410073757171,0.3824180066585541,0.3593089878559112,0.3753420114517212,0.3753420114517212,8662
Grid+ USD,GRID-USD,2021-10-17,0.375328004360199,0.3793469965457916,0.3590689897537231,0.3708469867706299,0.3708469867706299,13596
Grid+ USD,GRID-USD,2021-10-18,0.3702859878540039,0.3781690001487732,0.3593049943447113,0.3644390106201172,0.3644390106201172,8917
Grid+ USD,GRID-USD,2021-10-19,0.364529013633728,0.3756110072135925,0.3635909855365753,0.3738470077514648,0.3738470077514648,117515
Grid+ USD,GRID-USD,2021-10-20,0.37356698513031,0.3944630026817322,0.3697429895401001,0.3936429917812347,0.3936429917812347,105623
Grid+ USD,GRID-USD,2021-10-21,0.3937709927558899,0.5095700025558472,0.3869029879570007,0.504476010799408,0.504476010799408,95987
Grid+ USD,GRID-USD,2021-10-22,0.5039370059967041,0.5289829969406128,0.5004289746284485,0.5057849884033203,0.5057849884033203,1387
Grid+ USD,GRID-USD,2021-10-23,0.5057849884033203,0.6106809973716736,0.4775699973106384,0.5772299766540527,0.5772299766540527,2836
Grid+ USD,GRID-USD,2021-10-24,0.577301025390625,0.5809040069580078,0.4184690117835998,0.4270949959754944,0.4270949959754944,70814
Grid+ USD,GRID-USD,2021-10-25,0.4271349906921386,0.4474839866161346,0.4237659871578216,0.4431900084018707,0.4431900084018707,4872
Grid+ USD,GRID-USD,2021-10-26,0.4431990087032318,0.4535430073738098,0.4349960088729858,0.4385159909725189,0.4385159909725189,134115
Grid+ USD,GRID-USD,2021-10-27,0.4382439851760864,0.453016996383667,0.4110060036182403,0.413347989320755,0.413347989320755,5183
Grid+ USD,GRID-USD,2021-10-28,0.4127460122108459,0.438044011592865,0.4097090065479278,0.4377749860286712,0.4377749860286712,103288
Grid+ USD,GRID-USD,2021-10-29,0.4380300045013428,0.4529869854450226,0.434783011674881,0.4442470073699951,0.4442470073699951,39349
Grid+ USD,GRID-USD,2021-10-30,0.4443809986114502,0.4470089972019195,0.4316630065441131,0.4408259987831116,0.4408259987831116,40395
Grid+ USD,GRID-USD,2021-10-31,0.4415009915828705,0.4560250043869018,0.4227629899978637,0.4400439858436584,0.4400439858436584,7578
Grid+ USD,GRID-USD,2021-11-01,0.4397599995136261,0.4498650133609772,0.4275380074977875,0.4451580047607422,0.4451580047607422,1691
Grid+ USD,GRID-USD,2021-11-02,0.4452219903469085,0.4640800058841705,0.4415760040283203,0.4640800058841705,0.4640800058841705,18017
Grid+ USD,GRID-USD,2021-11-03,0.4640400111675262,0.4720459878444671,0.4472950100898742,0.4612340033054352,0.4612340033054352,107737
Grid+ USD,GRID-USD,2021-11-04,0.4612410068511963,0.4657090008258819,0.4415139853954315,0.4523530006408691,0.4523530006408691,30839
Grid+ USD,GRID-USD,2021-11-05,0.452221006155014,0.4614770114421844,0.4455209970474243,0.4514450132846832,0.4514450132846832,27624
Grid+ USD,GRID-USD,2021-11-06,0.4509640038013458,0.4573209881782532,0.4395959973335266,0.4527379870414734,0.4527379870414734,15994
Grid+ USD,GRID-USD,2021-11-07,0.4530119895935058,0.4661319851875305,0.4510580003261566,0.4645409882068634,0.4645409882068634,1924
Grid+ USD,GRID-USD,2021-11-08,0.4645569920539856,0.4860970079898834,0.4632009863853454,0.4828230142593384,0.4828230142593384,50240
Grid+ USD,GRID-USD,2021-11-09,0.4828470051288605,0.5001659989356995,0.480787992477417,0.4891420006752014,0.4891420006752014,38188
Grid+ USD,GRID-USD,2021-11-10,0.4891220033168793,0.6087430119514465,0.4336830079555511,0.5180500149726868,0.5180500149726868,26243
Grid+ USD,GRID-USD,2021-11-11,0.5183990001678467,0.5766590237617493,0.5183990001678467,0.5749610066413879,0.5749610066413879,203239
Grid+ USD,GRID-USD,2021-11-12,0.5754770040512085,0.5989329814910889,0.5472689867019653,0.5977799892425537,0.5977799892425537,149613
Grid+ USD,GRID-USD,2021-11-13,0.5976459980010986,0.7775610089302063,0.5936999917030334,0.7734320163726807,0.7734320163726807,1468
Grid+ USD,GRID-USD,2021-11-14,0.7725679874420166,0.984736979007721,0.686968982219696,0.9840090274810792,0.9840090274810792,134766
Grid+ USD,GRID-USD,2021-11-15,0.983201026916504,2.2222819328308105,0.983201026916504,1.3380589485168457,1.3380589485168457,1189054
Grid+ USD,GRID-USD,2021-11-16,1.3371039628982544,9.1067533493042,1.006777048110962,1.232272982597351,1.232272982597351,282317
Grid+ USD,GRID-USD,2021-11-17,1.2319519519805908,2.472918033599853,1.2206039428710938,1.4500060081481934,1.4500060081481934,59775
Grid+ USD,GRID-USD,2021-11-18,1.450674057006836,1.7118120193481443,1.3963119983673096,1.420693039894104,1.420693039894104,188943
Grid+ USD,GRID-USD,2021-11-19,1.4211970567703247,1.58891499042511,1.4175729751586914,1.5821709632873535,1.5821709632873535,56649
Grid+ USD,GRID-USD,2021-11-20,1.5827590227127075,1.643460988998413,1.554800033569336,1.6317479610443115,1.6317479610443115,22026
Grid+ USD,GRID-USD,2021-11-21,1.6313300132751465,1.7481210231781006,1.554273009300232,1.6420340538024902,1.6420340538024902,146074
Grid+ USD,GRID-USD,2021-11-22,1.6414530277252195,1.6414530277252195,1.342371940612793,1.4206420183181765,1.4206420183181765,339895
Grid+ USD,GRID-USD,2021-11-23,1.420621037483215,1.5715210437774658,1.4125330448150637,1.4583669900894165,1.4583669900894165,274934
Grid+ USD,GRID-USD,2021-11-24,1.4590259790420532,1.58672297000885,1.367616057395935,1.4795759916305542,1.4795759916305542,285804
Grid+ USD,GRID-USD,2021-11-25,1.407981038093567,1.4282170534133911,1.0910710096359253,1.405413031578064,1.405413031578064,187124
Grid+ USD,GRID-USD,2021-11-26,1.194206953048706,1.2124730348587036,0.9721149802207948,1.1992390155792236,1.1992390155792236,593862
Grid+ USD,GRID-USD,2021-11-27,1.197909951210022,1.2269710302352903,1.195180058479309,1.2236740589141846,1.2236740589141846,15984
Grid+ USD,GRID-USD,2021-11-28,1.2244900465011597,1.3095229864120483,1.2047489881515503,1.3011560440063477,1.3011560440063477,30512
Grid+ USD,GRID-USD,2021-11-29,1.3009920120239258,1.4247289896011353,1.2913960218429563,1.423882007598877,1.423882007598877,72068
Grid+ USD,GRID-USD,2021-11-30,1.423941969871521,1.5595580339431765,1.4159189462661743,1.552157998085022,1.552157998085022,64132
Grid+ USD,GRID-USD,2021-12-01,1.5514990091323853,1.6277580261230469,1.5506069660186768,1.555469989776611,1.555469989776611,67365
Grid+ USD,GRID-USD,2021-12-02,1.5554150342941284,1.5632619857788086,1.4830909967422483,1.562533974647522,1.562533974647522,102367
Grid+ USD,GRID-USD,2021-12-03,1.5618840456008911,1.6950030326843262,1.4529340267181396,1.4688210487365725,1.4688210487365725,68780
Grid+ USD,GRID-USD,2021-12-04,1.468701958656311,1.468701958656311,1.2473599910736084,1.3520159721374512,1.3520159721374512,71052
Grid+ USD,GRID-USD,2021-12-05,1.3515230417251587,1.3948930501937866,1.3262369632720947,1.3406670093536377,1.3406670093536377,30915
Grid+ USD,GRID-USD,2021-12-06,1.341225028038025,1.495002031326294,1.2651760578155518,1.4919350147247314,1.4919350147247314,87433
Grid+ USD,GRID-USD,2021-12-07,1.4932650327682495,1.5966459512710571,1.4931859970092771,1.5931700468063354,1.5931700468063354,208876
Grid+ USD,GRID-USD,2021-12-08,1.5932279825210571,1.619873046875,1.577800989151001,1.6157699823379517,1.6157699823379517,29375
Grid+ USD,GRID-USD,2021-12-09,1.616247057914734,1.6220029592514038,1.534801959991455,1.5531539916992188,1.5531539916992188,52838
Grid+ USD,GRID-USD,2021-12-10,1.5521270036697388,1.5575499534606934,1.3583769798278809,1.387431025505066,1.387431025505066,388663
Grid+ USD,GRID-USD,2021-12-11,1.387042999267578,1.436856031417847,1.3618580102920532,1.436856031417847,1.436856031417847,18625
Grid+ USD,GRID-USD,2021-12-12,1.4365969896316528,1.4444290399551392,1.406955003738403,1.4420340061187744,1.4420340061187744,61392
Grid+ USD,GRID-USD,2021-12-13,1.4421240091323853,1.5130499601364136,1.3873440027236938,1.439386010169983,1.439386010169983,257419
Grid+ USD,GRID-USD,2021-12-14,1.4389569759368896,1.4500370025634766,1.3713630437850952,1.383965015411377,1.383965015411377,150017
Grid+ USD,GRID-USD,2021-12-15,1.3957500457763672,1.588189959526062,1.3720890283584597,1.583425998687744,1.583425998687744,17811
Grid+ USD,GRID-USD,2021-12-16,1.583206057548523,2.3724350929260254,1.5413539409637451,2.092258930206299,2.092258930206299,351423
Grid+ USD,GRID-USD,2021-12-17,2.092094898223877,2.092094898223877,1.5844060182571411,1.772542953491211,1.772542953491211,382308
Grid+ USD,GRID-USD,2021-12-18,1.772773027420044,1.96846604347229,1.715162992477417,1.9462519884109497,1.9462519884109497,116252
Grid+ USD,GRID-USD,2021-12-19,1.946207046508789,1.948794960975647,1.797163963317871,1.8215759992599487,1.8215759992599487,121911
Grid+ USD,GRID-USD,2021-12-20,1.8213560581207275,1.839810013771057,1.67705500125885,1.732656955718994,1.732656955718994,59801
Grid+ USD,GRID-USD,2021-12-21,1.73226797580719,1.752958059310913,1.718297004699707,1.7432730197906494,1.7432730197906494,107147
Grid+ USD,GRID-USD,2021-12-22,1.7422950267791748,1.8463640213012693,1.7277259826660156,1.7767640352249146,1.7767640352249146,72601
Grid+ USD,GRID-USD,2021-12-23,1.775109052658081,2.203916072845459,1.6784180402755735,2.002769947052002,2.002769947052002,284922
Grid+ USD,GRID-USD,2021-12-24,2.002094984054565,2.0931310653686523,1.8007620573043823,1.8047089576721191,1.8047089576721191,136059
Grid+ USD,GRID-USD,2021-12-25,1.8063130378723145,1.841609001159668,1.7529089450836182,1.811589002609253,1.811589002609253,32844
Grid+ USD,GRID-USD,2021-12-26,1.8051329851150515,1.8150910139083865,1.6567790508270264,1.6613620519638062,1.6613620519638062,98894
Grid+ USD,GRID-USD,2021-12-27,1.6615569591522217,1.7929470539093018,1.6571320295333862,1.790213942527771,1.790213942527771,110993
Grid+ USD,GRID-USD,2021-12-28,1.6579209566116333,1.8242299556732176,1.6560510396957395,1.7277729511260986,1.7277729511260986,22892
Grid+ USD,GRID-USD,2021-12-29,1.7276630401611328,1.84286904335022,1.726057052612305,1.7783600091934204,1.7783600091934204,32502
Grid+ USD,GRID-USD,2021-12-30,1.7769850492477417,1.973546028137207,1.7714040279388428,1.9025330543518064,1.9025330543518064,83974
Grid+ USD,GRID-USD,2021-12-31,1.9029819965362549,1.979565978050232,1.7059199810028076,1.7240090370178225,1.7240090370178225,89577
Grid+ USD,GRID-USD,2022-01-01,1.724010944366455,1.757120966911316,1.6576950550079346,1.6918580532073977,1.6918580532073977,41796
Grid+ USD,GRID-USD,2022-01-02,1.6918580532073977,1.7276580333709717,1.5439280271530151,1.55036199092865,1.55036199092865,80175
Grid+ USD,GRID-USD,2022-01-03,1.5503629446029663,1.7827630043029783,1.5417369604110718,1.781641960144043,1.781641960144043,67687
Grid+ USD,GRID-USD,2022-01-04,1.781641960144043,2.017396926879883,1.740100979804993,1.930533051490784,1.930533051490784,33763
Grid+ USD,GRID-USD,2022-01-05,1.9305360317230225,2.02869200706482,1.810768961906433,1.857761025428772,1.857761025428772,15908
Grid+ USD,GRID-USD,2022-01-06,1.857761025428772,1.8948869705200195,1.4364169836044312,1.6763440370559692,1.6763440370559692,211120
Grid+ USD,GRID-USD,2022-01-07,1.6763440370559692,1.838958978652954,1.5691640377044678,1.5850750207901,1.5850750207901,119509
Grid+ USD,GRID-USD,2022-01-08,1.5850750207901,1.7370270490646362,1.5850750207901,1.6587870121002195,1.6587870121002195,1148
Grid+ USD,GRID-USD,2022-01-09,1.6587870121002195,1.9470479488372805,1.6470290422439575,1.9389959573745728,1.9389959573745728,10522
Grid+ USD,GRID-USD,2022-01-10,1.9389950037002563,1.9811609983444207,1.813493013381958,1.9362770318984983,1.9362770318984983,36149
Grid+ USD,GRID-USD,2022-01-11,1.936275005340576,1.9969249963760376,1.9253569841384888,1.9857460260391235,1.9857460260391235,4011
Grid+ USD,GRID-USD,2022-01-12,1.9858390092849727,2.041353940963745,1.9739240407943728,2.03825306892395,2.03825306892395,24356
Grid+ USD,GRID-USD,2022-01-13,2.038240909576416,2.0420289039611816,1.8973890542984009,1.9584139585494995,1.9584139585494995,16282
Grid+ USD,GRID-USD,2022-01-14,1.9584389925003047,1.962061047554016,1.837488055229187,1.9276549816131592,1.9276549816131592,2012
Grid+ USD,GRID-USD,2022-01-15,1.927675008773804,1.9574929475784304,1.9231059551239007,1.94587504863739,1.94587504863739,1283
Grid+ USD,GRID-USD,2022-01-16,1.9458520412445068,1.9676320552825928,1.8836649656295776,1.887125015258789,1.887125015258789,11307
Grid+ USD,GRID-USD,2022-01-17,1.8871389627456665,1.8875659704208367,1.748515009880066,1.779468059539795,1.779468059539795,8877
Grid+ USD,GRID-USD,2022-01-18,1.779466986656189,1.8444730043411253,1.7448749542236328,1.7611910104751587,1.7611910104751587,30006
Grid+ USD,GRID-USD,2022-01-19,1.7611850500106812,1.782086968421936,1.6929090023040771,1.7714329957962036,1.7714329957962036,2167
Grid+ USD,GRID-USD,2022-01-20,1.771427035331726,1.910979986190796,1.6828689575195312,1.6828689575195312,1.6828689575195312,34292
Grid+ USD,GRID-USD,2022-01-21,1.6827759742736816,1.6962130069732666,1.516890048980713,1.5174390077590942,1.5174390077590942,1436
Grid+ USD,GRID-USD,2022-01-22,1.517436981201172,1.547240972518921,1.356369972229004,1.4775710105895996,1.4775710105895996,16398
Grid+ USD,GRID-USD,2022-01-23,1.4775710105895996,1.5102499723434448,1.3806780576705933,1.4977359771728516,1.4977359771728516,42563
Grid+ USD,GRID-USD,2022-01-24,1.4977420568466189,1.4984350204467771,1.3038710355758667,1.443498969078064,1.443498969078064,1434
Grid+ USD,GRID-USD,2022-01-25,1.4435019493103027,1.500074028968811,1.4030539989471436,1.4772440195083618,1.4772440195083618,4469
Grid+ USD,GRID-USD,2022-01-26,1.4772449731826782,1.5627700090408323,1.391597032546997,1.4214630126953125,1.4214630126953125,14921
Grid+ USD,GRID-USD,2022-01-27,1.4214340448379517,1.4424209594726562,1.3423030376434326,1.3970739841461182,1.3970739841461182,918
Grid+ USD,GRID-USD,2022-01-28,1.397065043449402,1.4678430557250977,1.36742103099823,1.4659019708633425,1.4659019708633425,958
Grid+ USD,GRID-USD,2022-01-29,1.4659290313720703,1.5836039781570437,1.4657059907913208,1.5646589994430542,1.5646589994430542,6203
Grid+ USD,GRID-USD,2022-01-30,1.5646589994430542,1.5875760316848757,1.546339988708496,1.5781480073928833,1.5781480073928833,985
Grid+ USD,GRID-USD,2022-01-31,1.5781439542770386,1.622588038444519,1.5071879625320437,1.61866295337677,1.61866295337677,995
Grid+ USD,GRID-USD,2022-02-01,1.6186540126800537,1.6240249872207642,1.5522689819335938,1.5818500518798828,1.5818500518798828,1017
Grid+ USD,GRID-USD,2022-02-02,1.5818400382995603,1.5818400382995603,1.4932750463485718,1.495020031929016,1.495020031929016,963
Grid+ USD,GRID-USD,2022-02-03,1.495020031929016,1.5002330541610718,1.392685055732727,1.4111310243606567,1.4111310243606567,1098
Grid+ USD,GRID-USD,2022-02-04,1.4111759662628174,1.5307780504226685,1.409980058670044,1.5261869430541992,1.5261869430541992,1197
Grid+ USD,GRID-USD,2022-02-05,1.526195049285889,1.5792449712753296,1.522312045097351,1.5662339925765991,1.5662339925765991,1211
Grid+ USD,GRID-USD,2022-02-06,1.5662339925765991,1.574610948562622,1.5579830408096311,1.5699340105056765,1.5699340105056765,1235
Grid+ USD,GRID-USD,2022-02-07,1.5699390172958374,1.6665879487991333,1.5669469833374023,1.6532620191574097,1.6532620191574097,1285
Grid+ USD,GRID-USD,2022-02-08,1.6533960103988647,1.6799830198287964,1.5805699825286863,1.6182010173797607,1.6182010173797607,1247
Grid+ USD,GRID-USD,2022-02-09,1.6178460121154783,1.6538139581680298,1.6041500568389893,1.6521990299224854,1.6521990299224854,1276
Grid+ USD,GRID-USD,2022-02-10,1.6522409915924072,1.6747039556503296,1.5887490510940552,1.6075489521026611,1.6075489521026611,1231
Grid+ USD,GRID-USD,2022-02-11,1.6076200008392334,1.609084963798523,1.5060219764709473,1.5080939531326294,1.5080939531326294,1174
Grid+ USD,GRID-USD,2022-02-12,1.5083320140838623,1.518517017364502,1.4898810386657717,1.499068021774292,1.499068021774292,1165
Grid+ USD,GRID-USD,2022-02-13,1.4990739822387695,1.506875991821289,1.476457953453064,1.4772499799728394,1.4772499799728394,1143
Grid+ USD,GRID-USD,2022-02-14,1.4766459465026855,1.4969019889831543,1.4587939977645874,1.4885510206222534,1.4885510206222534,1143
Grid+ USD,GRID-USD,2022-02-15,1.488495945930481,1.5766079425811768,1.4825350046157837,1.57527494430542,1.57527494430542,1223
Grid+ USD,GRID-USD,2022-02-16,1.575412034988403,1.5870239734649658,1.5425900220870972,1.568321943283081,1.568321943283081,1206
Grid+ USD,GRID-USD,2022-02-17,1.56815505027771,1.572895050048828,1.4438810348510742,1.4466259479522705,1.4466259479522705,1120
Grid+ USD,GRID-USD,2022-02-18,1.446768045425415,1.457165002822876,1.401371955871582,1.407770037651062,1.407770037651062,1095
Grid+ USD,GRID-USD,2022-02-19,1.4076999425888062,1.413324952125549,1.3796249628067017,1.3957890272140503,1.3957890272140503,1088
Grid+ USD,GRID-USD,2022-02-20,1.395833969116211,1.398787021636963,1.3251080513000488,1.3445589542388916,1.3445589542388916,1028
Grid+ USD,GRID-USD,2022-02-21,1.3445110321044922,1.3732240200042725,1.2821539640426636,1.2827889919281006,1.2827889919281006,984
Grid+ USD,GRID-USD,2022-02-22,1.2827739715576172,1.3116600513458252,1.2502219676971436,1.306920051574707,1.306920051574707,1022
Grid+ USD,GRID-USD,2022-02-23,1.3069649934768677,1.341357946395874,1.072057008743286,1.0730689764022827,1.0730689764022827,7354
Grid+ USD,GRID-USD,2022-02-24,1.0730520486831665,1.1201859712600708,0.9553760290145874,1.085716962814331,1.085716962814331,4843
Grid+ USD,GRID-USD,2022-02-25,1.0857160091400146,1.3443820476531982,1.0846240520477295,1.3443820476531982,1.3443820476531982,1026
Grid+ USD,GRID-USD,2022-02-26,1.3442410230636597,1.3659600019454956,1.3343429565429688,1.3526159524917605,1.3526159524917605,1048
Grid+ USD,GRID-USD,2022-02-27,1.352687954902649,1.3538110256195068,1.2694029808044434,1.2735960483551023,1.2735960483551023,990
Grid+ USD,GRID-USD,2022-02-28,1.2735719680786133,1.426151990890503,1.270555019378662,1.4252469539642334,1.4252469539642334,1103
Grid+ USD,GRID-USD,2022-03-01,1.425286054611206,1.4567290544509888,1.4139519929885864,1.4345810413360596,1.4345810413360596,1107
Grid+ USD,GRID-USD,2022-03-02,1.4346230030059814,1.457069993019104,1.2319109439849854,1.2319140434265137,1.2319140434265137,5621
Grid+ USD,GRID-USD,2022-03-03,1.231909990310669,1.2498149871826172,1.1633169651031494,1.2491509914398191,1.2491509914398191,2279
Grid+ USD,GRID-USD,2022-03-04,1.249161958694458,1.249161958694458,1.1018320322036743,1.1210119724273682,1.1210119724273682,3180
Grid+ USD,GRID-USD,2022-03-05,1.1210670471191406,1.319728970527649,1.1153379678726196,1.3179140090942385,1.3179140090942385,1020
Grid+ USD,GRID-USD,2022-03-06,1.317896008491516,1.3204790353775024,1.2897989749908447,1.2927759885787964,1.2927759885787964,1001
Grid+ USD,GRID-USD,2022-03-07,1.2927600145339966,1.2929149866104126,1.224475979804993,1.2350469827651978,1.2350469827651978,956
Grid+ USD,GRID-USD,2022-03-08,1.235010027885437,1.403885006904602,1.2344499826431274,1.3897290229797363,1.3897290229797363,234
Grid+ USD,GRID-USD,2022-03-09,1.3897370100021362,1.4938440322875977,1.389449954032898,1.4787189960479736,1.4787189960479736,248
Grid+ USD,GRID-USD,2022-03-10,1.4786930084228516,1.4794559478759766,1.4005539417266846,1.4115999937057495,1.4115999937057495,237
Grid+ USD,GRID-USD,2022-03-11,1.4115840196609497,1.4216179847717283,1.3769400119781494,1.3860739469528198,1.3860739469528198,233
Grid+ USD,GRID-USD,2022-03-12,1.3861340284347534,1.3967000246047974,1.385087013244629,1.3889559507369995,1.3889559507369995,233
Grid+ USD,GRID-USD,2022-03-13,1.3889559507369995,1.3962520360946655,1.357090950012207,1.3576910495758057,1.3576910495758057,228
Grid+ USD,GRID-USD,2022-03-14,1.3574999570846558,1.4000179767608645,1.352849006652832,1.4000179767608645,1.4000179767608645,235
Grid+ USD,GRID-USD,2022-03-15,1.3998349905014038,1.4136929512023926,1.3721760511398315,1.4127089977264404,1.4127089977264404,237
Grid+ USD,GRID-USD,2022-03-16,1.4127089977264404,1.4800479412078855,1.41224205493927,1.4800479412078855,1.4800479412078855,248
Grid+ USD,GRID-USD,2022-03-17,1.480059027671814,1.5011930465698242,1.4743150472640991,1.4938030242919922,1.4938030242919922,252
Grid+ USD,GRID-USD,2022-03-18,1.493844985961914,1.5334539413452148,1.4747339487075806,1.5329259634017944,1.5329259634017944,257
Grid+ USD,GRID-USD,2022-03-19,1.5328409671783447,1.5497490167617798,1.532719969749451,1.5450270175933838,1.5450270175933838,260
Grid+ USD,GRID-USD,2022-03-20,1.5452359914779663,1.5497610569000244,1.1528600454330444,1.1632009744644165,1.1632009744644165,7242
Grid+ USD,GRID-USD,2022-03-21,1.1632009744644165,1.5341169834136963,1.155053973197937,1.5272539854049685,1.5272539854049685,257
Grid+ USD,GRID-USD,2022-03-22,1.5271999835968018,1.5889370441436768,1.3794389963150024,1.3794610500335691,1.3794610500335691,496
Grid+ USD,GRID-USD,2022-03-23,1.3794679641723633,1.5951080322265625,1.3599720001220703,1.594952940940857,1.594952940940857,267
Grid+ USD,GRID-USD,2022-03-24,1.5950089693069458,1.666525959968567,1.594864010810852,1.6653430461883545,1.6653430461883545,280
Grid+ USD,GRID-USD,2022-03-25,1.665313959121704,1.665984034538269,1.2574650049209597,1.2604089975357056,1.2604089975357056,8335
Grid+ USD,GRID-USD,2022-03-26,1.260411024093628,1.6588109731674194,1.2584120035171509,1.6588109731674194,1.6588109731674194,1082
Grid+ USD,GRID-USD,2022-03-27,1.6589230298995972,1.7426040172576904,1.6589230298995972,1.7419339418411257,1.7419339418411257,292
Grid+ USD,GRID-USD,2022-03-28,1.741974949836731,1.7896579504013062,1.741974949836731,1.7693090438842771,1.7693090438842771,299
Grid+ USD,GRID-USD,2022-03-29,1.7691539525985718,1.812520980834961,1.759909987449646,1.7688239812850952,1.7688239812850952,297
Grid+ USD,GRID-USD,2022-03-30,1.7687779664993286,1.791506052017212,1.7564990520477295,1.7855509519577026,1.7855509519577026,300
Grid+ USD,GRID-USD,2022-03-31,1.785433053970337,1.8104740381240845,1.735882043838501,1.738203048706055,1.738203048706055,293
Grid+ USD,GRID-USD,2022-04-01,1.738237977027893,1.7716939449310305,1.693547010421753,1.7689210176467896,1.7689210176467896,298
Grid+ USD,GRID-USD,2022-04-02,1.7689290046691897,1.8007839918136597,1.7667789459228516,1.769840955734253,1.769840955734253,298
Grid+ USD,GRID-USD,2022-04-03,1.7697590589523315,1.7771530151367188,1.4283729791641235,1.445613980293274,1.445613980293274,3802
Grid+ USD,GRID-USD,2022-04-04,1.44561505317688,1.536052942276001,1.400007963180542,1.5334689617156982,1.5334689617156982,775
Grid+ USD,GRID-USD,2022-04-05,1.533476948738098,1.7662420272827148,1.5069910287857056,1.740483045578003,1.740483045578003,293
Grid+ USD,GRID-USD,2022-04-06,1.7405680418014526,1.7405829429626465,1.3534400463104248,1.3534549474716189,1.3534549474716189,1033
Grid+ USD,GRID-USD,2022-04-07,1.3534469604492188,1.4540209770202637,1.3452409505844116,1.3624149560928345,1.3624149560928345,1365
Grid+ USD,GRID-USD,2022-04-08,1.3624149560928345,1.3872679471969604,1.2852660417556765,1.2857600450515747,1.2857600450515747,30684
Grid+ USD,GRID-USD,2022-04-09,1.2857749462127686,1.6316839456558228,1.2857749462127686,1.6316839456558228,1.6316839456558228,273
Grid+ USD,GRID-USD,2022-04-10,1.6315900087356567,1.6488820314407349,1.5403529405593872,1.5403529405593872,1.5403529405593872,351
Grid+ USD,GRID-USD,2022-04-11,1.5401719808578491,1.5401719808578491,1.302196979522705,1.4527159929275513,1.4527159929275513,244
Grid+ USD,GRID-USD,2022-04-12,1.452765941619873,1.484876036643982,1.2555639743804932,1.2724820375442505,1.2724820375442505,954
Grid+ USD,GRID-USD,2022-04-13,1.2724579572677612,1.487337946891785,1.2638239860534668,1.484591007232666,1.484591007232666,249
Grid+ USD,GRID-USD,2022-04-14,1.484552025794983,1.489042043685913,1.2218860387802124,1.234881043434143,1.234881043434143,2981
Grid+ USD,GRID-USD,2022-04-15,1.2348790168762207,1.4728330373764038,1.2347220182418823,1.2892680168151855,1.2892680168151855,838
Grid+ USD,GRID-USD,2022-04-16,1.289273977279663,1.4802299737930298,1.2864010334014893,1.4715299606323242,1.4715299606323242,247
Grid+ USD,GRID-USD,2022-04-17,1.4715299606323242,1.4861520528793335,1.457651972770691,1.4576599597930908,1.4576599597930908,246
Grid+ USD,GRID-USD,2022-04-18,1.4576220512390137,1.4763590097427368,1.4043619632720947,1.4723360538482666,1.4723360538482666,247
Grid+ USD,GRID-USD,2022-04-19,1.4723190069198608,1.4834699630737305,1.4599549770355225,1.476290941238403,1.476290941238403,248
Grid+ USD,GRID-USD,2022-04-20,1.476317048072815,1.4980460405349731,1.4704890251159668,1.474748969078064,1.474748969078064,248
Grid+ USD,GRID-USD,2022-04-21,1.4746160507202148,1.5029959678649902,1.4302979707717896,1.4308509826660156,1.4308509826660156,240
Grid+ USD,GRID-USD,2022-04-22,1.4308370351791382,1.447268009185791,1.4245669841766355,1.4293739795684814,1.4293739795684814,240
Grid+ USD,GRID-USD,2022-04-23,1.4293739795684814,1.4332799911499023,1.2016700506210327,1.2016750574111938,1.2016750574111938,2637
Grid+ USD,GRID-USD,2022-04-24,1.2016710042953491,1.4133590459823608,1.200131058692932,1.4055819511413574,1.4055819511413574,236
Grid+ USD,GRID-USD,2022-04-25,1.4055869579315186,1.4056940078735352,1.1471730470657349,1.2227619886398315,1.2227619886398315,4536
Grid+ USD,GRID-USD,2022-04-26,1.2227530479431152,1.4324040412902832,1.220697999000549,1.34688401222229,1.34688401222229,227
Grid+ USD,GRID-USD,2022-04-27,1.3468780517578125,1.3582019805908203,1.2055610418319702,1.2258139848709106,1.2258139848709106,725
Grid+ USD,GRID-USD,2022-04-28,1.2258180379867554,1.2303450107574463,1.173969030380249,1.2019480466842651,1.2019480466842651,2140
Grid+ USD,GRID-USD,2022-04-29,1.2019360065460205,1.4029079675674438,1.13829505443573,1.149953007698059,1.149953007698059,2532
Grid+ USD,GRID-USD,2022-04-30,1.1499550342559814,1.1642709970474243,1.1268539428710938,1.1311399936676023,1.1311399936676023,884
Grid+ USD,GRID-USD,2022-05-01,1.1311429738998413,1.2849010229110718,1.1218780279159546,1.1505420207977295,1.1505420207977295,2984
Grid+ USD,GRID-USD,2022-05-02,1.1505320072174072,1.3067079782485962,1.1178979873657229,1.1289689540863037,1.1289689540863037,10427
Grid+ USD,GRID-USD,2022-05-03,1.1289689540863037,1.1289689540863037,1.0615060329437256,1.0972919464111328,1.0972919464111328,9324
Grid+ USD,GRID-USD,2022-05-04,1.097288966178894,1.237892985343933,1.096286058425903,1.2320419549942017,1.2320419549942017,496
Grid+ USD,GRID-USD,2022-05-05,1.2320599555969238,1.3514189720153809,1.0538829565048218,1.0538920164108276,1.0538920164108276,2704
Grid+ USD,GRID-USD,2022-05-06,1.0538949966430664,1.0641720294952393,1.0147030353546145,1.0222890377044678,1.0222890377044678,3695
Grid+ USD,GRID-USD,2022-05-07,1.0222879648208618,1.0249179601669312,0.9689239859580994,1.0048179626464844,1.0048179626464844,39849
Grid+ USD,GRID-USD,2022-05-08,1.004817008972168,1.004817008972168,0.7823190093040466,0.9038130044937134,0.9038130044937134,26301
Grid+ USD,GRID-USD,2022-05-09,0.9038119912147522,0.9071760177612304,0.6714509725570679,0.8227260112762451,0.8227260112762451,56754
Grid+ USD,GRID-USD,2022-05-10,0.8227239847183228,0.8502240180969238,0.6925879716873169,0.7046099901199341,0.7046099901199341,12478
Grid+ USD,GRID-USD,2022-05-11,0.7046080231666565,0.7530120015144348,0.5805019736289978,0.5981789827346802,0.5981789827346802,8506
Grid+ USD,GRID-USD,2022-05-12,0.5981839895248413,0.623088002204895,0.5005689859390259,0.56734299659729,0.56734299659729,76
Grid+ USD,GRID-USD,2022-05-13,0.5673199892044067,0.6165540218353271,0.5607920289039612,0.5799610018730164,0.5799610018730164,79
Grid+ USD,GRID-USD,2022-05-14,0.579954981803894,0.5942379832267761,0.5483300089836121,0.5749279856681824,0.5749279856681824,80
Grid+ USD,GRID-USD,2022-05-15,0.5749059915542603,0.6142060160636902,0.5694320201873779,0.6113870143890381,0.6113870143890381,85
Grid+ USD,GRID-USD,2022-05-16,0.6113830208778381,0.6120460033416748,0.5698670148849487,0.579200029373169,0.579200029373169,80
Grid+ USD,GRID-USD,2022-05-17,0.579200029373169,0.6021119952201843,0.5786539912223816,0.5914400219917297,0.5914400219917297,82
Grid+ USD,GRID-USD,2022-05-18,0.5914340019226074,0.595209002494812,0.5478289723396301,0.5479360222816467,0.5479360222816467,76
Grid+ USD,GRID-USD,2022-05-19,0.547927975654602,0.5647640228271484,0.5413680076599121,0.5625470280647278,0.5625470280647278,79
Grid+ USD,GRID-USD,2022-05-20,0.5625259876251221,0.5731840133666992,0.5407310128211975,0.5513970255851746,0.5513970255851746,76
Grid+ USD,GRID-USD,2022-05-21,0.5513139963150024,0.5596489906311035,0.5470539927482605,0.5537030100822449,0.5537030100822449,76
Grid+ USD,GRID-USD,2022-05-22,0.5537030100822449,0.5693519711494446,0.5522580146789551,0.5685099959373474,0.5685099959373474,79
Grid+ USD,GRID-USD,2022-05-23,0.5685799717903137,0.5826069712638855,0.5490610003471375,0.5527430176734924,0.5527430176734924,77
Grid+ USD,GRID-USD,2022-05-24,0.5527430176734924,0.5579699873924255,0.5430859923362732,0.5562859773635864,0.5562859773635864,76
Grid+ USD,GRID-USD,2022-05-25,0.55628901720047,0.560712993144989,0.5475969910621643,0.5479030013084412,0.5479030013084412,75
Grid+ USD,GRID-USD,2022-05-26,0.5479030013084412,0.5492969751358032,0.5070040225982666,0.5224980115890503,0.5224980115890503,72
Grid+ USD,GRID-USD,2022-05-27,0.5224980115890503,0.5224980115890503,0.4934790134429931,0.4957079887390136,0.4957079887390136,69
Grid+ USD,GRID-USD,2022-05-28,0.4971680045127868,0.5093770027160645,0.4942350089550018,0.5074160099029541,0.5074160099029541,70
Grid+ USD,GRID-USD,2022-05-29,0.507407009601593,0.5156059861183167,0.5040130019187927,0.5144879817962646,0.5144879817962646,71
Grid+ USD,GRID-USD,2022-05-30,0.5144879817962646,0.5548179745674133,0.5139139890670776,0.5546280145645142,0.5546280145645142,77
Grid+ USD,GRID-USD,2022-05-31,0.5546079874038696,0.5573350191116333,0.5449029803276062,0.5458530187606812,0.5458530187606812,76
Grid+ USD,GRID-USD,2022-06-01,0.5458599925041199,0.5487579703330994,0.509456992149353,0.509456992149353,0.509456992149353,70
Grid+ USD,GRID-USD,2022-06-02,0.509473979473114,0.5136640071868896,0.5051990151405334,0.5096229910850525,0.5096229910850525,70
Grid+ USD,GRID-USD,2022-06-03,0.5096279978752136,0.5124769806861877,0.4866969883441925,0.4883260130882263,0.4883260130882263,67
Grid+ USD,GRID-USD,2022-06-04,0.4883260130882263,0.5030099749565125,0.4861910045146942,0.5029240250587463,0.5029240250587463,69
Grid+ USD,GRID-USD,2022-06-05,0.5029240250587463,0.5169010162353516,0.502295970916748,0.5150200128555298,0.5150200128555298,71
Grid+ USD,GRID-USD,2022-06-06,0.5150200128555298,0.533689022064209,0.5144780278205872,0.523298978805542,0.523298978805542,73
Grid+ USD,GRID-USD,2022-06-07,0.523298978805542,0.5394909977912903,0.4957939982414245,0.5278869867324829,0.5278869867324829,73
Grid+ USD,GRID-USD,2022-06-08,0.5278869867324829,0.5328329801559448,0.51631098985672,0.5237569808959961,0.5237569808959961,72
Grid+ USD,GRID-USD,2022-06-09,0.5237669944763184,0.5365830063819885,0.5190160274505615,0.5346090197563171,0.5346090197563171,74
Grid+ USD,GRID-USD,2022-06-10,0.5345799922943115,0.5348420143127441,0.4896290004253387,0.4906289875507355,0.4906289875507355,68
Grid+ USD,GRID-USD,2022-06-11,0.4906289875507355,0.4943509995937347,0.447171002626419,0.455606997013092,0.455606997013092,63
Grid+ USD,GRID-USD,2022-06-12,0.4553480148315429,0.456149011850357,0.4221499860286712,0.4221499860286712,0.4221499860286712,57
Grid+ USD,GRID-USD,2022-06-13,0.4221470057964325,0.4221540093421936,0.3493469953536987,0.3521240055561065,0.3521240055561065,49
Grid+ USD,GRID-USD,2022-06-14,0.3521459996700287,0.3689680099487304,0.3243280053138733,0.3355419933795929,0.3355419933795929,46
Grid+ USD,GRID-USD,2022-06-15,0.3354740142822265,0.3376080095767975,0.2665880024433136,0.3009980022907257,0.3009980022907257,42
Grid+ USD,GRID-USD,2022-06-16,0.3010100126266479,0.3039450049400329,0.2393070012331009,0.2393369972705841,0.2393369972705841,33
Grid+ USD,GRID-USD,2022-06-17,0.2393340021371841,0.2498150020837783,0.2244399935007095,0.2264229953289032,0.2264229953289032,31
Grid+ USD,GRID-USD,2022-06-18,0.2263929992914199,0.2854149937629699,0.1943850070238113,0.2772000133991241,0.2772000133991241,20
Grid+ USD,GRID-USD,2022-06-19,0.2772440016269684,0.3035779893398285,0.2681860029697418,0.2995449900627136,0.2995449900627136,22
Grid+ USD,GRID-USD,2022-06-20,0.2995339930057525,0.3075500130653381,0.2820760011672973,0.2971599996089935,0.2971599996089935,22
Grid+ USD,GRID-USD,2022-06-21,0.2970269918441772,0.3170320093631744,0.2970269918441772,0.2987950146198272,0.2987950146198272,22
Grid+ USD,GRID-USD,2022-06-22,0.2987950146198272,0.2992579936981201,0.2788110077381134,0.2841930091381073,0.2841930091381073,20
Grid+ USD,GRID-USD,2022-06-23,0.2841840088367462,0.2969900071620941,0.2824620008468628,0.2960200011730194,0.2960200011730194,22
Grid+ USD,GRID-USD,2022-06-24,0.2960639894008636,0.3177100121974945,0.2960639894008636,0.3171969950199127,0.3171969950199127,23
Grid+ USD,GRID-USD,2022-06-25,0.3173100054264068,0.3182350099086761,0.3037489950656891,0.3131789863109588,0.3131789863109588,23
Grid+ USD,GRID-USD,2022-06-26,0.312822014093399,0.3260059952735901,0.3067240118980407,0.3073889911174774,0.3073889911174774,22
Grid+ USD,GRID-USD,2022-06-27,0.3073889911174774,0.3127939999103546,0.3039169907569885,0.3122240006923675,0.3122240006923675,21
Grid+ USD,GRID-USD,2022-06-28,0.3121879994869232,0.3127050101757049,0.2879199981689453,0.2884170114994049,0.2884170114994049,21
Grid+ USD,GRID-USD,2022-06-29,0.2883949875831604,0.291808009147644,0.2832860052585602,0.2876949906349182,0.2876949906349182,21
Grid+ USD,GRID-USD,2022-06-30,0.2876949906349182,0.2876949906349182,0.2814339995384216,0.2870889902114868,0.2870889902114868,21
Grid+ USD,GRID-USD,2022-07-01,0.2874430119991302,0.2874430119991302,0.2813040018081665,0.2826490104198456,0.2826490104198456,21
Grid+ USD,GRID-USD,2022-07-02,0.2827030122280121,0.2873919904232025,0.2816340029239654,0.2839379906654358,0.2839379906654358,21
Grid+ USD,GRID-USD,2022-07-03,0.2839420139789581,0.2876949906349182,0.2781240046024322,0.2781539857387543,0.2781539857387543,21
Grid+ USD,GRID-USD,2022-07-04,0.2781539857387543,0.3968380093574524,0.2728790044784546,0.3958170115947723,0.3958170115947723,21
Grid+ USD,GRID-USD,2022-07-05,0.3957650065422058,0.4007839858531952,0.3944019973278045,0.4003250002861023,0.4003250002861023,21
Grid+ USD,GRID-USD,2022-07-06,0.4003570079803467,0.4006850123405456,0.3902060091495514,0.3938559889793396,0.3938559889793396,21
Grid+ USD,GRID-USD,2022-07-07,0.3938489854335785,0.4127759933471679,0.3916899859905243,0.4076859951019287,0.4076859951019287,21
Grid+ USD,GRID-USD,2022-07-08,0.4076839983463287,0.4154030084609985,0.3937549889087677,0.4023109972476959,0.4023109972476959,21
Grid+ USD,GRID-USD,2022-07-09,0.4023439884185791,0.4040769934654236,0.3957749903202057,0.4015809893608093,0.4015809893608093,21
Grid+ USD,GRID-USD,2022-07-10,0.4015420079231262,0.4022130072116852,0.3846189975738525,0.3865379989147186,0.3865379989147186,20
Grid+ USD,GRID-USD,2022-07-11,0.3865399956703186,0.3865399956703186,0.3682470023632049,0.368367999792099,0.368367999792099,19
Grid+ USD,GRID-USD,2022-07-12,0.3683620095252991,0.3695839941501617,0.3554809987545013,0.3570260107517242,0.3570260107517242,19
Grid+ USD,GRID-USD,2022-07-13,0.357015997171402,0.3670749962329864,0.344074010848999,0.3661659955978393,0.3661659955978393,19
Grid+ USD,GRID-USD,2022-07-14,0.3660919964313507,0.3678579926490783,0.2345349937677383,0.2458389997482299,0.2458389997482299,28
Grid+ USD,GRID-USD,2022-07-15,0.2458640038967132,0.2517839968204498,0.2454749941825866,0.2482639998197555,0.2482639998197555,27
Grid+ USD,GRID-USD,2022-07-16,0.2482639998197555,0.2602829933166504,0.2421559989452362,0.2582570016384125,0.2582570016384125,29
Grid+ USD,GRID-USD,2022-07-17,0.2582559883594513,0.2656970024108886,0.2557770013809204,0.2557879984378814,0.2557879984378814,28
Grid+ USD,GRID-USD,2022-07-18,0.2557910084724426,0.2765699923038482,0.2543649971485138,0.2738319933414459,0.2738319933414459,31
Grid+ USD,GRID-USD,2022-07-19,0.2739289999008178,0.4975219964981079,0.2712309956550598,0.4916270077228546,0.4916270077228546,45
Grid+ USD,GRID-USD,2022-07-20,0.4916090071201324,0.5047730207443237,0.4757390022277832,0.4758679866790771,0.4758679866790771,43
Grid+ USD,GRID-USD,2022-07-21,0.4758839905261993,0.4857290089130401,0.464819997549057,0.4851430058479309,0.4851430058479309,43
Grid+ USD,GRID-USD,2022-07-22,0.4851430058479309,0.4943599998950958,0.4701200127601623,0.4705750048160553,0.4705750048160553,42
Grid+ USD,GRID-USD,2022-07-23,0.4705750048160553,0.4872890114784241,0.4666939973831177,0.4732480049133301,0.4732480049133301,42
Grid+ USD,GRID-USD,2022-07-24,0.4732359945774078,0.5025550127029419,0.4730269908905029,0.4981600046157837,0.4981600046157837,45
Grid+ USD,GRID-USD,2022-07-25,0.4981600046157837,0.4997490048408508,0.4715400040149688,0.4715400040149688,0.4715400040149688,41
Grid+ USD,GRID-USD,2022-07-26,0.4715400040149688,0.4715740084648132,0.4455069899559021,0.4546059966087341,0.4546059966087341,41
Grid+ USD,GRID-USD,2022-07-27,0.4546189904212951,0.481357991695404,0.4531069993972778,0.4809190034866333,0.4809190034866333,43
Grid+ USD,GRID-USD,2022-07-28,0.4809100031852722,0.5200949907302856,0.4806010127067566,0.515608012676239,0.515608012676239,46
Grid+ USD,GRID-USD,2022-07-29,0.5156149864196777,0.5365549921989441,0.5092689990997314,0.5295040011405945,0.5295040011405945,47
Grid+ USD,GRID-USD,2022-07-30,0.5295050144195557,0.539933979511261,0.3498899936676025,0.3506599962711334,0.3506599962711334,35
Grid+ USD,GRID-USD,2022-07-31,0.3506659865379333,0.3658789992332458,0.3506410121917724,0.3534680008888244,0.3534680008888244,35
Grid+ USD,GRID-USD,2022-08-01,0.3534680008888244,0.3545719981193542,0.342860996723175,0.3450089991092682,0.3450089991092682,34
Grid+ USD,GRID-USD,2022-08-02,0.3449679911136627,0.4390250146389007,0.3292329907417297,0.4390070140361786,0.4390070140361786,20
Grid+ USD,GRID-USD,2022-08-03,0.4390070140361786,0.6513620018959045,0.4250249862670898,0.42535200715065,0.42535200715065,69
Grid+ USD,GRID-USD,2022-08-04,0.4253549873828888,0.5571749806404114,0.4249379932880401,0.5478799939155579,0.5478799939155579,22
Grid+ USD,GRID-USD,2022-08-05,0.5478799939155579,0.5772680044174194,0.5467929840087891,0.5770630240440369,0.5770630240440369,24
Grid+ USD,GRID-USD,2022-08-06,0.5771250128746033,0.5834029912948608,0.5761129856109619,0.5805119872093201,0.5805119872093201,23
Grid+ USD,GRID-USD,2022-08-07,0.5804880261421204,0.5972300171852112,0.566985011100769,0.594639003276825,0.594639003276825,24
Grid+ USD,GRID-USD,2022-08-08,0.5946639776229858,0.6402329802513123,0.5929920077323914,0.6172599792480469,0.6172599792480469,25
Grid+ USD,GRID-USD,2022-08-09,0.6172930002212524,0.6218720078468323,0.5872679948806763,0.5946890115737915,0.5946890115737915,24
Grid+ USD,GRID-USD,2022-08-10,0.5947350263595581,0.6222879886627197,0.5457090139389038,0.5798419713973999,0.5798419713973999,25
Grid+ USD,GRID-USD,2022-08-11,0.5799490213394165,0.5920969843864441,0.2956070005893707,0.5364180207252502,0.5364180207252502,25
Grid+ USD,GRID-USD,2022-08-12,0.5364030003547668,0.5417370200157166,0.3126280009746551,0.5277429819107056,0.5277429819107056,25
Grid+ USD,GRID-USD,2022-08-13,0.527862012386322,1.493497014045715,0.5257490277290344,1.4831780195236206,1.4831780195236206,25
Grid+ USD,GRID-USD,2022-08-14,1.483523964881897,1.4884120225906372,0.5069810152053833,0.565500020980835,0.565500020980835,25
Grid+ USD,GRID-USD,2022-08-15,0.5651789903640747,0.5844720005989075,0.4792619943618774,0.50450599193573,0.50450599193573,24
Grid+ USD,GRID-USD,2022-08-16,0.5043169856071472,0.5816799998283386,0.4958510100841522,0.5717129707336426,0.5717129707336426,23
Grid+ USD,GRID-USD,2022-08-17,0.571645975112915,0.5935649871826172,0.548583984375,0.5490300059318542,0.5490300059318542,22
Grid+ USD,GRID-USD,2022-08-18,0.5490959882736206,0.5532400012016296,0.321738988161087,0.3218959867954254,0.3218959867954254,22
Grid+ USD,GRID-USD,2022-08-19,0.3219409883022308,0.4567640125751495,0.2931419909000397,0.4435589909553528,0.4435589909553528,20
Grid+ USD,GRID-USD,2022-08-20,0.4434849917888641,0.476841002702713,0.4072259962558746,0.4605009853839874,0.4605009853839874,19
Grid+ USD,GRID-USD,2022-08-21,0.4605079889297485,0.4933950006961822,0.460108995437622,0.4918650090694427,0.4918650090694427,20
Grid+ USD,GRID-USD,2022-08-22,0.4918499886989593,0.493257999420166,0.474245011806488,0.4805260002613067,0.4805260002613067,20
Grid+ USD,GRID-USD,2022-08-23,0.4805310070514679,0.4954729974269867,0.478641003370285,0.4952940046787262,0.4952940046787262,20
Grid+ USD,GRID-USD,2022-08-24,0.4952940046787262,0.496190994977951,0.3280090093612671,0.4396060109138489,0.4396060109138489,20
Grid+ USD,GRID-USD,2022-08-25,0.4394580125808716,0.4529300034046173,0.3168289959430694,0.3304030001163482,0.3304030001163482,20
Grid+ USD,GRID-USD,2022-08-26,0.3303120136260986,0.4598029851913452,0.3269979953765869,0.437604010105133,0.437604010105133,19
Grid+ USD,GRID-USD,2022-08-27,0.4377009868621826,0.5236849784851074,0.4360989928245544,0.5064929723739624,0.5064929723739624,19
Grid+ USD,GRID-USD,2022-08-28,0.506380021572113,2028.74755859375,0.4371980130672455,0.4371980130672455,0.4371980130672455,18
Grid+ USD,GRID-USD,2022-08-29,0.4371559917926788,0.4947679936885834,0.4361209869384765,0.4946010112762451,0.4946010112762451,19
Grid+ USD,GRID-USD,2022-08-30,0.4945060014724731,0.8393399715423584,0.4901359975337982,0.8033819794654846,0.8033819794654846,19
Grid+ USD,GRID-USD,2022-08-31,0.8033580183982849,0.8148300051689148,0.4656429886817932,0.5596650242805481,0.5596650242805481,19
Grid+ USD,GRID-USD,2022-09-01,0.5600780248641968,0.5678849816322327,0.1533769965171814,0.1594520062208175,0.1594520062208175,19
Grid+ USD,GRID-USD,2022-09-02,0.1594820022583007,0.4316360056400299,0.152875006198883,0.430893987417221,0.430893987417221,19
Grid+ USD,GRID-USD,2022-09-03,0.4306910037994385,0.4642370045185089,0.4276770055294037,0.4590170085430145,0.4590170085430145,19
Grid+ USD,GRID-USD,2022-09-04,0.4590170085430145,0.4593620002269745,0.3689720034599304,0.4083279967308044,0.4083279967308044,19
Grid+ USD,GRID-USD,2022-09-05,0.4083299934864044,0.4736379981040954,0.4074099957942962,0.4730539917945862,0.4730539917945862,20
Grid+ USD,GRID-USD,2022-09-06,0.47290900349617,0.4819029867649078,0.3007360100746155,0.3007799983024597,0.3007799983024597,18
Grid+ USD,GRID-USD,2022-09-07,0.3008039891719818,0.4491539895534515,0.2888399958610534,0.4457400143146515,0.4457400143146515,19
Grid+ USD,GRID-USD,2022-09-08,0.4457409977912903,0.4952520132064819,0.4425080120563507,0.4782559871673584,0.4782559871673584,20
Grid+ USD,GRID-USD,2022-09-09,0.4783160090446472,0.5189800262451172,0.1779890060424804,0.4288310110569,0.4288310110569,21
Grid+ USD,GRID-USD,2022-09-10,0.4288690090179443,0.4391590058803558,0.3426440060138702,0.4380710124969482,0.4380710124969482,21
Grid+ USD,GRID-USD,2022-09-11,0.438154011964798,0.5116379857063293,0.4375039935111999,0.5079780220985413,0.5079780220985413,21
Grid+ USD,GRID-USD,2022-09-12,0.5079590082168579,0.5180079936981201,0.2415940016508102,0.2425000071525573,0.2425000071525573,0
Grid+ USD,GRID-USD,2022-09-13,0.2425570040941238,0.2463400065898895,0.2222049981355667,0.2228450030088424,0.2228450030088424,0
Grid+ USD,GRID-USD,2022-09-14,0.222803995013237,0.3715580105781555,0.222803995013237,0.3706780076026916,0.3706780076026916,0
Grid+ USD,GRID-USD,2022-09-15,0.3706780076026916,0.4018270075321197,0.2878479957580566,0.2882820069789886,0.2882820069789886,0
Grid+ USD,GRID-USD,2022-09-16,0.2885249853134155,0.2893739938735962,0.2777450084686279,0.2805739939212799,0.2805739939212799,0
Grid+ USD,GRID-USD,2022-09-17,0.2805899977684021,0.3835679888725281,0.2805899977684021,0.3831009864807129,0.3831009864807129,0
Grid+ USD,GRID-USD,2022-09-18,0.3832849860191345,0.3832849860191345,0.3484489917755127,0.3488709926605224,0.3488709926605224,0
Grid+ USD,GRID-USD,2022-09-19,0.3491269946098327,0.5893200039863586,0.1498440057039261,0.3343560099601745,0.3343560099601745,0
Grid+ USD,GRID-USD,2022-09-20,0.3341180086135864,0.3352510035037994,0.3206349909305572,0.3215250074863434,0.3215250074863434,0
Grid+ USD,GRID-USD,2022-09-21,0.321476012468338,0.4020020067691803,0.1788509935140609,0.2624120116233825,0.2624120116233825,0
Grid+ USD,GRID-USD,2022-09-22,0.2622810006141662,0.3547500073909759,0.2305279970169067,0.3525829911231994,0.3525829911231994,0
Grid+ USD,GRID-USD,2022-09-23,0.3525899946689605,0.3586719930171966,0.1911800056695938,0.1953070014715194,0.1953070014715194,0
Grid+ USD,GRID-USD,2022-09-24,0.195262998342514,0.4516409933567047,0.1501609981060028,0.3782899975776672,0.3782899975776672,0
Grid+ USD,GRID-USD,2022-09-25,0.378150999546051,0.3794670104980469,0.3557739853858948,0.360258013010025,0.360258013010025,0
Grid+ USD,GRID-USD,2022-09-26,0.3601160049438476,0.3679749965667724,0.2866019904613495,0.3456830084323883,0.3456830084323883,0
Grid+ USD,GRID-USD,2022-09-27,0.3457199931144714,0.365572988986969,0.3301549851894378,0.3350169956684112,0.3350169956684112,0
Grid+ USD,GRID-USD,2022-09-28,0.3349910080432892,0.3369730114936828,0.2784810066223144,0.2885099947452545,0.2885099947452545,1702
Grid+ USD,GRID-USD,2022-09-29,0.2883870005607605,0.3129430115222931,0.2127909958362579,0.2897430062294006,0.2897430062294006,7076
Grid+ USD,GRID-USD,2022-09-30,0.2897309958934784,0.3016130030155182,0.2741929888725281,0.275965005159378,0.275965005159378,0
Grid+ USD,GRID-USD,2022-10-01,0.2759110033512115,0.2760869860649109,0.2312020063400268,0.2433059960603714,0.2433059960603714,244
Grid+ USD,GRID-USD,2022-10-02,0.243366003036499,0.2735280096530914,0.2202499955892563,0.2619970142841339,0.2619970142841339,14658
Grid+ USD,GRID-USD,2022-10-03,0.2619929909706116,0.2710340023040771,0.2285120040178299,0.2640730142593384,0.2640730142593384,1320
Grid+ USD,GRID-USD,2022-10-04,0.2641139924526214,0.2781830132007599,0.2189410030841827,0.2684409916400909,0.2684409916400909,6029
Grid+ USD,GRID-USD,2022-10-05,0.2683979868888855,0.2840009927749634,0.2586509883403778,0.2603479921817779,0.2603479921817779,0
Grid+ USD,GRID-USD,2022-10-06,0.2604970037937164,0.2604970037937164,0.2391359955072403,0.2485560029745102,0.2485560029745102,1243
Grid+ USD,GRID-USD,2022-10-07,0.2486840039491653,0.2878879904747009,0.1378780007362365,0.2488380074501037,0.2488380074501037,2400
Grid+ USD,GRID-USD,2022-10-08,0.248988002538681,0.2538970112800598,0.2391140013933181,0.2479940056800842,0.2479940056800842,0
Grid+ USD,GRID-USD,2022-10-09,0.2480719983577728,0.2644630074501037,0.2127130031585693,0.2539590001106262,0.2539590001106262,4309
Grid+ USD,GRID-USD,2022-10-10,0.2539590001106262,0.279013991355896,0.2082619965076446,0.2266449928283691,0.2266449928283691,1891
Grid+ USD,GRID-USD,2022-10-11,0.2266449928283691,0.2686420083045959,0.2008170038461685,0.2279130071401596,0.2279130071401596,9229
Grid+ USD,GRID-USD,2022-10-12,0.2279130071401596,0.2356760054826736,0.223701000213623,0.2284380048513412,0.2284380048513412,0
Grid+ USD,GRID-USD,2022-10-13,0.2284850031137466,0.228543996810913,0.2284850031137466,0.228543996810913,0.228543996810913,0
Grid+ USD,GRID-USD,2022-10-14,0.228543996810913,0.228543996810913,0.228543996810913,0.228543996810913,0.228543996810913,0
Grid+ USD,GRID-USD,2022-10-15,0.228543996810913,0.228543996810913,0.228543996810913,0.228543996810913,0.228543996810913,0
Grid+ USD,GRID-USD,2022-10-16,0.228543996810913,0.228543996810913,0.228543996810913,0.228543996810913,0.228543996810913,0
Grid+ USD,GRID-USD,2022-10-17,0.228543996810913,0.228543996810913,0.228543996810913,0.228543996810913,0.228543996810913,0
Grid+ USD,GRID-USD,2022-10-18,0.228543996810913,0.228543996810913,0.228543996810913,0.228543996810913,0.228543996810913,0
Grid+ USD,GRID-USD,2022-10-19,0.228543996810913,0.228543996810913,0.1926780045032501,0.2074629962444305,0.2074629962444305,1041
Grid+ USD,GRID-USD,2022-10-20,0.2073229998350143,0.2123849987983703,0.2062959969043731,0.2079859972000122,0.2079859972000122,0
Grid+ USD,GRID-USD,2022-10-21,0.2080869972705841,0.208199992775917,0.2080869972705841,0.208199992775917,0.208199992775917,0
Grid+ USD,GRID-USD,2022-10-22,0.208199992775917,0.208199992775917,0.208199992775917,0.208199992775917,0.208199992775917,0
Grid+ USD,GRID-USD,2022-10-23,0.208199992775917,0.208199992775917,0.208199992775917,0.208199992775917,0.208199992775917,0
Grid+ USD,GRID-USD,2022-10-24,0.208199992775917,0.208199992775917,0.208199992775917,0.208199992775917,0.208199992775917,0
Grid+ USD,GRID-USD,2022-10-25,0.208199992775917,0.208199992775917,0.1557530015707016,0.2040950059890747,0.2040950059890747,8317
Grid+ USD,GRID-USD,2022-10-26,0.2041389942169189,0.2197130024433136,0.1803990006446838,0.201787993311882,0.201787993311882,504
Grid+ USD,GRID-USD,2022-10-27,0.201787993311882,0.2031169980764389,0.1950210034847259,0.1956779956817627,0.1956779956817627,0
Grid+ USD,GRID-USD,2022-10-28,0.1956779956817627,0.1956779956817627,0.1956779956817627,0.1956779956817627,0.1956779956817627,0
Grid+ USD,GRID-USD,2022-10-29,0.1956779956817627,0.3288660049438476,0.1956779956817627,0.2567330002784729,0.2567330002784729,7258
Grid+ USD,GRID-USD,2022-10-30,0.2567330002784729,0.2680410146713257,0.1738789975643158,0.178957998752594,0.178957998752594,4686
Grid+ USD,GRID-USD,2022-10-31,0.178957998752594,0.2344390004873275,0.1770019978284835,0.1879329979419708,0.1879329979419708,964
Grid+ USD,GRID-USD,2022-11-01,0.1880259960889816,0.2690179944038391,0.1875270009040832,0.2684279978275299,0.2684279978275299,73
Grid+ USD,GRID-USD,2022-11-02,0.2684279978275299,0.3107729852199554,0.2063490003347396,0.2562839984893799,0.2562839984893799,7499
Grid+ USD,GRID-USD,2022-11-03,0.2561140060424804,0.2777000069618225,0.1603080034255981,0.2397679984569549,0.2397679984569549,3666
Grid+ USD,GRID-USD,2022-11-04,0.2397589981555938,0.3214310109615326,0.2394410073757171,0.2869330048561096,0.2869330048561096,104
Grid+ USD,GRID-USD,2022-11-05,0.2866840064525604,0.3235529959201813,0.2085040062665939,0.2633950114250183,0.2633950114250183,9267
Grid+ USD,GRID-USD,2022-11-06,0.2636620104312897,0.2678329944610595,0.1847939938306808,0.1850109994411468,0.1850109994411468,2658
Grid+ USD,GRID-USD,2022-11-07,0.184931993484497,0.237308993935585,0.1846210062503814,0.2343019992113113,0.2343019992113113,4041
Grid+ USD,GRID-USD,2022-11-08,0.2340189963579177,0.2507489919662475,0.1963769942522049,0.2189130038022995,0.2189130038022995,0
Grid+ USD,GRID-USD,2022-11-09,0.2189980000257492,0.2365709990262985,0.1767909973859787,0.1912869960069656,0.1912869960069656,33
Grid+ USD,GRID-USD,2022-11-10,0.1908259987831115,0.2272499948740005,0.1895509958267212,0.2065570056438446,0.2065570056438446,84
Grid+ USD,GRID-USD,2022-11-11,0.2063519954681396,0.2072450071573257,0.1840720027685165,0.1932249963283538,0.1932249963283538,0
Grid+ USD,GRID-USD,2022-11-12,0.1936759948730468,0.1936970055103302,0.1936759948730468,0.1936970055103302,0.1936970055103302,0
Grid+ USD,GRID-USD,2022-11-13,0.1936970055103302,0.2359060049057006,0.1936970055103302,0.2166340053081512,0.2166340053081512,24
Grid+ USD,GRID-USD,2022-11-14,0.2165960073471069,0.255854994058609,0.2086980044841766,0.2537690103054046,0.2537690103054046,671
Grid+ USD,GRID-USD,2022-11-15,0.2537789940834045,0.2624509930610657,0.2533529996871948,0.2555330097675323,0.2555330097675323,0
Grid+ USD,GRID-USD,2022-11-16,0.2555330097675323,0.2555330097675323,0.2555330097675323,0.2555330097675323,0.2555330097675323,0
Grid+ USD,GRID-USD,2022-11-17,0.2555330097675323,0.2567220032215118,0.2397820055484771,0.2558149993419647,0.2558149993419647,244
Grid+ USD,GRID-USD,2022-11-18,0.2558139860630035,0.2629429996013641,0.253614991903305,0.2595070004463196,0.2595070004463196,0
Grid+ USD,GRID-USD,2022-11-19,0.2595070004463196,0.2595070004463196,0.2347459942102432,0.2429630011320114,0.2429630011320114,91
Grid+ USD,GRID-USD,2022-11-20,0.2429630011320114,0.2465510070323944,0.2337619960308075,0.2342469990253448,0.2342469990253448,0
Grid+ USD,GRID-USD,2022-11-21,0.2342469990253448,0.2342469990253448,0.2342469990253448,0.2342469990253448,0.2342469990253448,0
Grid+ USD,GRID-USD,2022-11-22,0.2342469990253448,0.2342469990253448,0.1824650019407272,0.1999659985303878,0.1999659985303878,612
Grid+ USD,GRID-USD,2022-11-23,0.1997220069169998,0.2757680118083954,0.1994190067052841,0.2595089972019195,0.2595089972019195,77
Grid+ USD,GRID-USD,2022-11-24,0.2595300078392029,0.2600089907646179,0.2152169942855835,0.2426390051841735,0.2426390051841735,29
Grid+ USD,GRID-USD,2022-11-25,0.2426390051841735,0.2436680048704147,0.0,0.2277729958295822,0.2277729958295822,0
Grid+ USD,GRID-USD,2022-11-26,0.2277729958295822,0.2277729958295822,0.2277729958295822,0.2277729958295822,0.2277729958295822,0
Grid+ USD,GRID-USD,2022-11-27,0.2277729958295822,0.2277729958295822,0.2277729958295822,0.2277729958295822,0.2277729958295822,0
Grid+ USD,GRID-USD,2022-11-28,0.2277729958295822,0.2277729958295822,0.2277729958295822,0.2277729958295822,0.2277729958295822,0
Grid+ USD,GRID-USD,2022-11-29,0.2277729958295822,0.2805329859256744,0.2277729958295822,0.2591719925403595,0.2591719925403595,292
Grid+ USD,GRID-USD,2022-11-30,0.2591719925403595,0.3135930001735687,0.2588329911231994,0.2623760104179382,0.2623760104179382,33
Grid+ USD,GRID-USD,2022-12-01,0.2623760104179382,0.2678050100803375,0.2623760104179382,0.2673319876194,0.2673319876194,0
Grid+ USD,GRID-USD,2022-12-02,0.2673319876194,0.2673319876194,0.2673319876194,0.2673319876194,0.2673319876194,0
Grid+ USD,GRID-USD,2022-12-03,0.2673319876194,0.2673319876194,0.2673319876194,0.2673319876194,0.2673319876194,0
Grid+ USD,GRID-USD,2022-12-04,0.2673319876194,0.2673319876194,0.2478269934654235,0.2514019906520843,0.2514019906520843,0
Grid+ USD,GRID-USD,2022-12-05,0.2514019906520843,0.2802140116691589,0.2439150065183639,0.2458849996328354,0.2458849996328354,0
Grid+ USD,GRID-USD,2022-12-06,0.2458849996328354,0.2479330003261566,0.2352329939603805,0.2363909929990768,0.2363909929990768,0
Grid+ USD,GRID-USD,2022-12-07,0.2363909929990768,0.260807991027832,0.2363909929990768,0.2572880089282989,0.2572880089282989,78
Grid+ USD,GRID-USD,2022-12-08,0.2572880089282989,0.2661350071430206,0.2522700130939483,0.2533720135688782,0.2533720135688782,0
Grid+ USD,GRID-USD,2022-12-09,0.2533720135688782,0.2533720135688782,0.1600610017776489,0.1799010038375854,0.1799010038375854,143
Grid+ USD,GRID-USD,2022-12-10,0.1799010038375854,0.1899950057268142,0.1797569990158081,0.1883649975061416,0.1883649975061416,0
Grid+ USD,GRID-USD,2022-12-11,0.1883649975061416,0.2623589932918548,0.1883649975061416,0.2225330024957656,0.2225330024957656,78
Grid+ USD,GRID-USD,2022-12-12,0.2225330024957656,0.2225330024957656,0.2188909947872162,0.2211019992828369,0.2211019992828369,0
Grid+ USD,GRID-USD,2022-12-13,0.2211019992828369,0.2462670058012008,0.2205439954996109,0.242138996720314,0.242138996720314,31
Grid+ USD,GRID-USD,2022-12-14,0.2422070056200027,0.2432319968938827,0.2116020023822784,0.2183019965887069,0.2183019965887069,40
Grid+ USD,GRID-USD,2022-12-15,0.2185010015964508,0.218759998679161,0.1906179934740066,0.1913670003414154,0.1913670003414154,0
Grid+ USD,GRID-USD,2022-12-16,0.1913920044898986,0.2140740007162094,0.1913249939680099,0.1951179951429367,0.1951179951429367,92
Grid+ USD,GRID-USD,2022-12-17,0.1950259953737259,0.1979970037937164,0.178505003452301,0.1890980005264282,0.1890980005264282,0
Grid+ USD,GRID-USD,2022-12-18,0.1890980005264282,0.1890980005264282,0.1890980005264282,0.1890980005264282,0.1890980005264282,0
Grid+ USD,GRID-USD,2022-12-19,0.1890980005264282,0.2213550060987472,0.1890980005264282,0.2123280018568039,0.2123280018568039,158
Grid+ USD,GRID-USD,2022-12-20,0.2123280018568039,0.2393539994955063,0.2118040025234222,0.2207159996032714,0.2207159996032714,0
Grid+ USD,GRID-USD,2022-12-21,0.2205899953842163,0.2206889986991882,0.2205899953842163,0.2206889986991882,0.2206889986991882,0
Grid+ USD,GRID-USD,2022-12-22,0.2206889986991882,0.2206889986991882,0.2206889986991882,0.2206889986991882,0.2206889986991882,0
Grid+ USD,GRID-USD,2022-12-23,0.2206889986991882,0.2206889986991882,0.2206889986991882,0.2206889986991882,0.2206889986991882,0
Grid+ USD,GRID-USD,2022-12-24,0.2206889986991882,0.2206889986991882,0.2206889986991882,0.2206889986991882,0.2206889986991882,0
Grid+ USD,GRID-USD,2022-12-25,0.2206889986991882,0.2206889986991882,0.1841049939393997,0.2019190043210983,0.2019190043210983,102
Grid+ USD,GRID-USD,2022-12-26,0.2020680010318756,0.2364459931850433,0.2018440067768097,0.2362190037965774,0.2362190037965774,52
Grid+ USD,GRID-USD,2022-12-27,0.236187994480133,0.2371789962053299,0.1886910051107406,0.21212899684906,0.21212899684906,1930
Grid+ USD,GRID-USD,2022-12-28,0.2121019959449768,0.2169010043144226,0.2102420032024383,0.211460992693901,0.211460992693901,0
Grid+ USD,GRID-USD,2022-12-29,0.211460992693901,0.211460992693901,0.2027239948511123,0.2033630013465881,0.2033630013465881,0
Grid+ USD,GRID-USD,2022-12-30,0.2033630013465881,0.2033630013465881,0.2033630013465881,0.2033630013465881,0.2033630013465881,0
Grid+ USD,GRID-USD,2022-12-31,0.2033630013465881,0.2033630013465881,0.2033630013465881,0.2033630013465881,0.2033630013465881,0
Grid+ USD,GRID-USD,2023-01-01,0.2033630013465881,0.2033630013465881,0.2033630013465881,0.2033630013465881,0.2033630013465881,0
Grid+ USD,GRID-USD,2023-01-02,0.2033630013465881,0.2033630013465881,0.2033630013465881,0.2033630013465881,0.2033630013465881,0
Grid+ USD,GRID-USD,2023-01-03,0.2033630013465881,0.2033630013465881,0.162990003824234,0.1694210022687912,0.1694210022687912,526
Grid+ USD,GRID-USD,2023-01-04,0.1694210022687912,0.2056010067462921,0.169062003493309,0.204133003950119,0.204133003950119,0
Grid+ USD,GRID-USD,2023-01-05,0.2040600031614303,0.2040619999170303,0.0,0.2040619999170303,0.2040619999170303,0
Grid+ USD,GRID-USD,2023-01-06,0.2040619999170303,0.2040619999170303,0.2040619999170303,0.2040619999170303,0.2040619999170303,0
Grid+ USD,GRID-USD,2023-01-07,0.2040619999170303,0.2040619999170303,0.2040619999170303,0.2040619999170303,0.2040619999170303,0
Grid+ USD,GRID-USD,2023-01-08,0.2040619999170303,0.2040619999170303,0.2040619999170303,0.2040619999170303,0.2040619999170303,0
Grid+ USD,GRID-USD,2023-01-09,0.2040619999170303,0.2040619999170303,0.2040619999170303,0.2040619999170303,0.2040619999170303,0
Grid+ USD,GRID-USD,2023-01-10,0.2040619999170303,0.2040619999170303,0.1628260016441345,0.1942310035228729,0.1942310035228729,49
Grid+ USD,GRID-USD,2023-01-11,0.1942310035228729,0.2135230004787445,0.1941190063953399,0.208188995718956,0.208188995718956,0
Grid+ USD,GRID-USD,2023-01-12,0.208188995718956,0.208188995718956,0.208188995718956,0.208188995718956,0.208188995718956,0
Grid+ USD,GRID-USD,2023-01-13,0.208188995718956,0.208188995718956,0.208188995718956,0.208188995718956,0.208188995718956,0
Grid+ USD,GRID-USD,2023-01-14,0.208188995718956,0.208188995718956,0.208188995718956,0.208188995718956,0.208188995718956,0
Grid+ USD,GRID-USD,2023-01-15,0.208188995718956,0.208188995718956,0.208188995718956,0.208188995718956,0.208188995718956,0
Grid+ USD,GRID-USD,2023-01-16,0.208188995718956,0.208188995718956,0.208188995718956,0.208188995718956,0.208188995718956,0
Grid+ USD,GRID-USD,2023-01-17,0.208188995718956,0.208188995718956,0.208188995718956,0.208188995718956,0.208188995718956,0
Grid+ USD,GRID-USD,2023-01-18,0.208188995718956,0.208188995718956,0.208188995718956,0.208188995718956,0.208188995718956,0
Grid+ USD,GRID-USD,2023-01-19,0.208188995718956,0.208188995718956,0.208188995718956,0.208188995718956,0.208188995718956,0
Grid+ USD,GRID-USD,2023-01-20,0.208188995718956,0.208188995718956,0.208188995718956,0.208188995718956,0.208188995718956,0
Grid+ USD,GRID-USD,2023-01-21,0.208188995718956,0.208188995718956,0.208188995718956,0.208188995718956,0.208188995718956,0
Grid+ USD,GRID-USD,2023-01-22,0.208188995718956,0.208188995718956,0.208188995718956,0.208188995718956,0.208188995718956,0
Grid+ USD,GRID-USD,2023-01-23,0.208188995718956,0.208188995718956,0.208188995718956,0.208188995718956,0.208188995718956,0
Grid+ USD,GRID-USD,2023-01-24,0.208188995718956,0.208188995718956,0.208188995718956,0.208188995718956,0.208188995718956,0
Grid+ USD,GRID-USD,2023-01-25,0.208188995718956,0.208188995718956,0.208188995718956,0.208188995718956,0.208188995718956,0
Grid+ USD,GRID-USD,2023-01-26,0.208188995718956,0.208188995718956,0.208188995718956,0.208188995718956,0.208188995718956,0
Grid+ USD,GRID-USD,2023-01-27,0.208188995718956,0.208188995718956,0.208188995718956,0.208188995718956,0.208188995718956,0
Grid+ USD,GRID-USD,2023-01-28,0.208188995718956,0.208188995718956,0.208188995718956,0.208188995718956,0.208188995718956,0
Grid+ USD,GRID-USD,2023-01-29,0.208188995718956,0.208188995718956,0.208188995718956,0.208188995718956,0.208188995718956,0
Grid+ USD,GRID-USD,2023-01-30,0.208188995718956,0.208188995718956,0.208188995718956,0.208188995718956,0.208188995718956,0
Grid+ USD,GRID-USD,2023-01-31,0.208188995718956,0.208188995718956,0.208188995718956,0.208188995718956,0.208188995718956,0
Grid+ USD,GRID-USD,2023-02-01,0.208188995718956,0.208188995718956,0.208188995718956,0.208188995718956,0.208188995718956,0
Grid+ USD,GRID-USD,2023-02-02,0.208188995718956,0.208188995718956,0.208188995718956,0.208188995718956,0.208188995718956,0
Grid+ USD,GRID-USD,2023-02-03,0.208188995718956,0.208188995718956,0.208188995718956,0.208188995718956,0.208188995718956,0
Grid+ USD,GRID-USD,2023-02-04,0.208188995718956,0.208188995718956,0.208188995718956,0.208188995718956,0.208188995718956,0
Grid+ USD,GRID-USD,2023-02-05,0.208188995718956,0.208188995718956,0.208188995718956,0.208188995718956,0.208188995718956,0
Grid+ USD,GRID-USD,2023-02-06,0.208188995718956,0.208188995718956,0.208188995718956,0.208188995718956,0.208188995718956,0
Grid+ USD,GRID-USD,2023-02-07,0.208188995718956,0.208188995718956,0.208188995718956,0.208188995718956,0.208188995718956,0
Grid+ USD,GRID-USD,2023-02-08,0.208188995718956,0.208188995718956,0.208188995718956,0.208188995718956,0.208188995718956,0
Grid+ USD,GRID-USD,2023-02-09,0.208188995718956,0.208188995718956,0.208188995718956,0.208188995718956,0.208188995718956,0
Grid+ USD,GRID-USD,2023-02-10,0.208188995718956,0.208188995718956,0.208188995718956,0.208188995718956,0.208188995718956,0
Grid+ USD,GRID-USD,2023-02-11,0.208188995718956,0.208188995718956,0.208188995718956,0.208188995718956,0.208188995718956,0
Grid+ USD,GRID-USD,2023-02-12,0.208188995718956,0.208188995718956,0.208188995718956,0.208188995718956,0.208188995718956,0
Grid+ USD,GRID-USD,2023-02-13,0.208188995718956,0.208188995718956,0.208188995718956,0.208188995718956,0.208188995718956,0
Grid+ USD,GRID-USD,2023-02-14,0.208188995718956,0.208188995718956,0.208188995718956,0.208188995718956,0.208188995718956,0
Grid+ USD,GRID-USD,2023-02-15,0.208188995718956,0.208188995718956,0.208188995718956,0.208188995718956,0.208188995718956,0
Grid+ USD,GRID-USD,2023-02-16,0.208188995718956,0.208188995718956,0.208188995718956,0.208188995718956,0.208188995718956,0
Grid+ USD,GRID-USD,2023-02-17,0.208188995718956,0.208188995718956,0.208188995718956,0.208188995718956,0.208188995718956,0
Grid+ USD,GRID-USD,2023-02-18,0.208188995718956,0.208188995718956,0.208188995718956,0.208188995718956,0.208188995718956,0
Grid+ USD,GRID-USD,2023-02-19,0.208188995718956,0.208188995718956,0.208188995718956,0.208188995718956,0.208188995718956,0
Grid+ USD,GRID-USD,2023-02-20,0.208188995718956,0.208188995718956,0.208188995718956,0.208188995718956,0.208188995718956,0
Grid+ USD,GRID-USD,2023-02-21,0.208188995718956,0.208188995718956,0.208188995718956,0.208188995718956,0.208188995718956,0
Grid+ USD,GRID-USD,2023-02-22,0.208188995718956,0.208188995718956,0.208188995718956,0.208188995718956,0.208188995718956,0
Grid+ USD,GRID-USD,2023-02-23,0.208188995718956,0.208188995718956,0.208188995718956,0.208188995718956,0.208188995718956,0
Grid+ USD,GRID-USD,2023-02-24,0.208188995718956,0.208188995718956,0.208188995718956,0.208188995718956,0.208188995718956,0
Grid+ USD,GRID-USD,2023-02-25,0.208188995718956,0.208188995718956,0.208188995718956,0.208188995718956,0.208188995718956,0
Grid+ USD,GRID-USD,2023-02-26,0.208188995718956,0.208188995718956,0.208188995718956,0.208188995718956,0.208188995718956,0
Grid+ USD,GRID-USD,2023-02-27,0.208188995718956,0.208188995718956,0.208188995718956,0.208188995718956,0.208188995718956,0
Grid+ USD,GRID-USD,2023-02-28,0.208188995718956,0.208188995718956,0.208188995718956,0.208188995718956,0.208188995718956,0
Grid+ USD,GRID-USD,2023-03-01,0.208188995718956,0.208188995718956,0.208188995718956,0.208188995718956,0.208188995718956,0
Grid+ USD,GRID-USD,2023-03-02,0.208188995718956,0.208188995718956,0.208188995718956,0.208188995718956,0.208188995718956,0
Grid+ USD,GRID-USD,2023-03-03,0.208188995718956,0.208188995718956,0.208188995718956,0.208188995718956,0.208188995718956,0
Grid+ USD,GRID-USD,2023-03-04,0.208188995718956,0.208188995718956,0.208188995718956,0.208188995718956,0.208188995718956,0
Grid+ USD,GRID-USD,2023-03-05,0.208188995718956,0.208188995718956,0.208188995718956,0.208188995718956,0.208188995718956,0
Grid+ USD,GRID-USD,2023-03-06,0.208188995718956,0.208188995718956,0.208188995718956,0.208188995718956,0.208188995718956,0
Grid+ USD,GRID-USD,2023-03-07,0.208188995718956,0.208188995718956,0.208188995718956,0.208188995718956,0.208188995718956,0
Grid+ USD,GRID-USD,2023-03-08,0.208188995718956,0.208188995718956,0.208188995718956,0.208188995718956,0.208188995718956,0
Grid+ USD,GRID-USD,2023-03-09,0.208188995718956,0.208188995718956,0.208188995718956,0.208188995718956,0.208188995718956,0
Grid+ USD,GRID-USD,2023-03-10,0.208188995718956,0.208188995718956,0.208188995718956,0.208188995718956,0.208188995718956,0
Grid+ USD,GRID-USD,2023-03-11,0.208188995718956,0.208188995718956,0.208188995718956,0.208188995718956,0.208188995718956,0
Grid+ USD,GRID-USD,2023-03-12,0.208188995718956,0.208188995718956,0.208188995718956,0.208188995718956,0.208188995718956,0
Grid+ USD,GRID-USD,2023-03-13,0.208188995718956,0.208188995718956,0.208188995718956,0.208188995718956,0.208188995718956,0
Grid+ USD,GRID-USD,2023-03-14,0.208188995718956,0.208188995718956,0.208188995718956,0.208188995718956,0.208188995718956,0
Grid+ USD,GRID-USD,2023-03-15,0.208188995718956,0.208188995718956,0.208188995718956,0.208188995718956,0.208188995718956,0
Grid+ USD,GRID-USD,2023-03-16,0.208188995718956,0.208188995718956,0.208188995718956,0.208188995718956,0.208188995718956,0
Grid+ USD,GRID-USD,2023-03-17,0.208188995718956,0.208188995718956,0.208188995718956,0.208188995718956,0.208188995718956,0
Grid+ USD,GRID-USD,2023-03-18,0.208188995718956,0.208188995718956,0.208188995718956,0.208188995718956,0.208188995718956,0
Grid+ USD,GRID-USD,2023-03-19,0.208188995718956,0.208188995718956,0.208188995718956,0.208188995718956,0.208188995718956,0
Grid+ USD,GRID-USD,2023-03-20,0.208188995718956,0.208188995718956,0.208188995718956,0.208188995718956,0.208188995718956,0
Grid+ USD,GRID-USD,2023-03-21,0.208188995718956,0.208188995718956,0.208188995718956,0.208188995718956,0.208188995718956,0
Grid+ USD,GRID-USD,2023-03-22,0.208188995718956,0.208188995718956,0.208188995718956,0.208188995718956,0.208188995718956,0
Grid+ USD,GRID-USD,2023-03-23,0.208188995718956,0.208188995718956,0.208188995718956,0.208188995718956,0.208188995718956,0
Grid+ USD,GRID-USD,2023-03-24,0.208188995718956,0.208188995718956,0.208188995718956,0.208188995718956,0.208188995718956,0
Grid+ USD,GRID-USD,2023-03-25,0.208188995718956,0.208188995718956,0.208188995718956,0.208188995718956,0.208188995718956,0
Grid+ USD,GRID-USD,2023-03-26,0.208188995718956,0.208188995718956,0.208188995718956,0.208188995718956,0.208188995718956,0
Grid+ USD,GRID-USD,2023-03-27,0.208188995718956,0.208188995718956,0.208188995718956,0.208188995718956,0.208188995718956,0
Grid+ USD,GRID-USD,2023-03-28,0.208188995718956,0.208188995718956,0.208188995718956,0.208188995718956,0.208188995718956,0
Grid+ USD,GRID-USD,2023-03-29,0.208188995718956,0.208188995718956,0.208188995718956,0.208188995718956,0.208188995718956,0
Grid+ USD,GRID-USD,2023-03-30,0.208188995718956,0.208188995718956,0.208188995718956,0.208188995718956,0.208188995718956,0
Grid+ USD,GRID-USD,2023-03-31,0.208188995718956,0.208188995718956,0.208188995718956,0.208188995718956,0.208188995718956,0
Grid+ USD,GRID-USD,2023-04-01,0.208188995718956,0.208188995718956,0.208188995718956,0.208188995718956,0.208188995718956,0
Grid+ USD,GRID-USD,2023-04-02,0.208188995718956,0.208188995718956,0.208188995718956,0.208188995718956,0.208188995718956,0
Grid+ USD,GRID-USD,2023-04-03,0.208188995718956,0.208188995718956,0.208188995718956,0.208188995718956,0.208188995718956,0
Grid+ USD,GRID-USD,2023-04-04,0.208188995718956,0.208188995718956,0.208188995718956,0.208188995718956,0.208188995718956,0
Grid+ USD,GRID-USD,2023-04-05,0.208188995718956,0.208188995718956,0.208188995718956,0.208188995718956,0.208188995718956,0
Grid+ USD,GRID-USD,2023-04-06,0.208188995718956,0.208188995718956,0.208188995718956,0.208188995718956,0.208188995718956,0
Grid+ USD,GRID-USD,2023-04-07,0.208188995718956,0.208188995718956,0.208188995718956,0.208188995718956,0.208188995718956,0
Grid+ USD,GRID-USD,2023-04-08,0.208188995718956,0.208188995718956,0.208188995718956,0.208188995718956,0.208188995718956,0
Grid+ USD,GRID-USD,2023-04-09,0.208188995718956,0.208188995718956,0.208188995718956,0.208188995718956,0.208188995718956,0
Grid+ USD,GRID-USD,2023-04-10,0.208188995718956,0.208188995718956,0.208188995718956,0.208188995718956,0.208188995718956,0
Grid+ USD,GRID-USD,2023-04-11,0.208188995718956,0.208188995718956,0.208188995718956,0.208188995718956,0.208188995718956,0
Grid+ USD,GRID-USD,2023-04-12,0.208188995718956,0.208188995718956,0.208188995718956,0.208188995718956,0.208188995718956,0
Grid+ USD,GRID-USD,2023-04-13,0.208188995718956,0.208188995718956,0.208188995718956,0.208188995718956,0.208188995718956,0
Grid+ USD,GRID-USD,2023-04-14,0.208188995718956,0.208188995718956,0.208188995718956,0.208188995718956,0.208188995718956,0
Grid+ USD,GRID-USD,2023-04-15,0.208188995718956,0.208188995718956,0.208188995718956,0.208188995718956,0.208188995718956,0
Grid+ USD,GRID-USD,2023-04-16,0.208188995718956,0.208188995718956,0.208188995718956,0.208188995718956,0.208188995718956,0
Grid+ USD,GRID-USD,2023-04-17,0.208188995718956,0.208188995718956,0.208188995718956,0.208188995718956,0.208188995718956,0
Grid+ USD,GRID-USD,2023-04-18,0.208188995718956,0.208188995718956,0.208188995718956,0.208188995718956,0.208188995718956,0
Grid+ USD,GRID-USD,2023-04-19,0.208188995718956,0.208188995718956,0.208188995718956,0.208188995718956,0.208188995718956,0
Grid+ USD,GRID-USD,2023-04-20,0.208188995718956,0.208188995718956,0.208188995718956,0.208188995718956,0.208188995718956,0
Grid+ USD,GRID-USD,2023-04-21,0.208188995718956,0.208188995718956,0.208188995718956,0.208188995718956,0.208188995718956,0
Grid+ USD,GRID-USD,2023-04-22,0.208188995718956,0.208188995718956,0.208188995718956,0.208188995718956,0.208188995718956,0
Grid+ USD,GRID-USD,2023-04-23,0.208188995718956,0.208188995718956,0.208188995718956,0.208188995718956,0.208188995718956,0
Grid+ USD,GRID-USD,2023-04-24,0.208188995718956,0.208188995718956,0.208188995718956,0.208188995718956,0.208188995718956,0
Grid+ USD,GRID-USD,2023-04-25,0.208188995718956,0.208188995718956,0.208188995718956,0.208188995718956,0.208188995718956,0
Grid+ USD,GRID-USD,2023-04-26,0.208188995718956,0.208188995718956,0.208188995718956,0.208188995718956,0.208188995718956,0
Grid+ USD,GRID-USD,2023-04-27,0.208188995718956,0.208188995718956,0.208188995718956,0.208188995718956,0.208188995718956,0
Grid+ USD,GRID-USD,2023-04-28,0.208188995718956,0.208188995718956,0.208188995718956,0.208188995718956,0.208188995718956,0
Grid+ USD,GRID-USD,2023-04-29,0.208188995718956,0.208188995718956,0.208188995718956,0.208188995718956,0.208188995718956,0
Grid+ USD,GRID-USD,2023-04-30,0.208188995718956,0.208188995718956,0.208188995718956,0.208188995718956,0.208188995718956,0
Grid+ USD,GRID-USD,2023-05-01,0.208188995718956,0.208188995718956,0.208188995718956,0.208188995718956,0.208188995718956,0
Grid+ USD,GRID-USD,2023-05-02,0.208188995718956,0.208188995718956,0.208188995718956,0.208188995718956,0.208188995718956,0
Grid+ USD,GRID-USD,2023-05-03,0.208188995718956,0.208188995718956,0.208188995718956,0.208188995718956,0.208188995718956,0
Grid+ USD,GRID-USD,2023-05-04,0.208188995718956,0.208188995718956,0.208188995718956,0.208188995718956,0.208188995718956,0
Grid+ USD,GRID-USD,2023-05-05,0.208188995718956,0.208188995718956,0.208188995718956,0.208188995718956,0.208188995718956,0
Grid+ USD,GRID-USD,2023-05-06,0.208188995718956,0.208188995718956,0.208188995718956,0.208188995718956,0.208188995718956,0
Grid+ USD,GRID-USD,2023-05-07,0.208188995718956,0.208188995718956,0.208188995718956,0.208188995718956,0.208188995718956,0
Grid+ USD,GRID-USD,2023-05-08,0.208188995718956,0.208188995718956,0.208188995718956,0.208188995718956,0.208188995718956,0
Grid+ USD,GRID-USD,2023-05-09,0.208188995718956,0.208188995718956,0.208188995718956,0.208188995718956,0.208188995718956,0
Grid+ USD,GRID-USD,2023-05-10,0.208188995718956,0.208188995718956,0.208188995718956,0.208188995718956,0.208188995718956,0
Grid+ USD,GRID-USD,2023-05-11,0.208188995718956,0.208188995718956,0.208188995718956,0.208188995718956,0.208188995718956,0
Grid+ USD,GRID-USD,2023-05-12,0.208188995718956,0.208188995718956,0.208188995718956,0.208188995718956,0.208188995718956,0
Grid+ USD,GRID-USD,2023-05-13,0.208188995718956,0.208188995718956,0.208188995718956,0.208188995718956,0.208188995718956,0
Grid+ USD,GRID-USD,2023-05-14,0.208188995718956,0.208188995718956,0.208188995718956,0.208188995718956,0.208188995718956,0
Grid+ USD,GRID-USD,2023-05-15,0.208188995718956,0.208188995718956,0.208188995718956,0.208188995718956,0.208188995718956,0
Grid+ USD,GRID-USD,2023-05-16,0.208188995718956,0.208188995718956,0.208188995718956,0.208188995718956,0.208188995718956,0
Grid+ USD,GRID-USD,2023-05-17,0.208188995718956,0.208188995718956,0.208188995718956,0.208188995718956,0.208188995718956,0
Grid+ USD,GRID-USD,2023-05-18,0.208188995718956,0.208188995718956,0.208188995718956,0.208188995718956,0.208188995718956,0
Grid+ USD,GRID-USD,2023-05-19,0.208188995718956,0.208188995718956,0.208188995718956,0.208188995718956,0.208188995718956,0
Grid+ USD,GRID-USD,2023-05-20,0.208188995718956,0.208188995718956,0.208188995718956,0.208188995718956,0.208188995718956,0
Grid+ USD,GRID-USD,2023-05-21,0.208188995718956,0.208188995718956,0.208188995718956,0.208188995718956,0.208188995718956,0
Grid+ USD,GRID-USD,2023-05-22,0.208188995718956,0.208188995718956,0.208188995718956,0.208188995718956,0.208188995718956,0
Grid+ USD,GRID-USD,2023-05-23,0.208188995718956,0.208188995718956,0.208188995718956,0.208188995718956,0.208188995718956,0
Grid+ USD,GRID-USD,2023-05-24,0.208188995718956,0.208188995718956,0.208188995718956,0.208188995718956,0.208188995718956,0
Grid+ USD,GRID-USD,2023-05-25,0.208188995718956,0.208188995718956,0.208188995718956,0.208188995718956,0.208188995718956,0
Grid+ USD,GRID-USD,2023-05-26,0.208188995718956,0.208188995718956,0.208188995718956,0.208188995718956,0.208188995718956,0
Grid+ USD,GRID-USD,2023-05-27,0.208188995718956,0.208188995718956,0.208188995718956,0.208188995718956,0.208188995718956,0
Grid+ USD,GRID-USD,2023-05-28,0.208188995718956,0.208188995718956,0.208188995718956,0.208188995718956,0.208188995718956,0
Grid+ USD,GRID-USD,2023-05-29,0.208188995718956,0.208188995718956,0.208188995718956,0.208188995718956,0.208188995718956,0
Grid+ USD,GRID-USD,2023-05-30,0.208188995718956,0.208188995718956,0.208188995718956,0.208188995718956,0.208188995718956,0
Grid+ USD,GRID-USD,2023-05-31,0.208188995718956,0.208188995718956,0.208188995718956,0.208188995718956,0.208188995718956,0
Grid+ USD,GRID-USD,2023-06-01,0.208188995718956,0.208188995718956,0.208188995718956,0.208188995718956,0.208188995718956,0
Grid+ USD,GRID-USD,2023-06-02,0.208188995718956,0.208188995718956,0.208188995718956,0.208188995718956,0.208188995718956,0
Grid+ USD,GRID-USD,2023-06-03,0.208188995718956,0.208188995718956,0.208188995718956,0.208188995718956,0.208188995718956,0
Grid+ USD,GRID-USD,2023-06-04,0.208188995718956,0.208188995718956,0.208188995718956,0.208188995718956,0.208188995718956,0
Grid+ USD,GRID-USD,2023-06-05,0.208188995718956,0.208188995718956,0.208188995718956,0.208188995718956,0.208188995718956,0
Grid+ USD,GRID-USD,2023-06-06,0.208188995718956,0.208188995718956,0.208188995718956,0.208188995718956,0.208188995718956,0
Grid+ USD,GRID-USD,2023-06-07,0.208188995718956,0.208188995718956,0.208188995718956,0.208188995718956,0.208188995718956,0
Grid+ USD,GRID-USD,2023-06-08,0.208188995718956,0.208188995718956,0.208188995718956,0.208188995718956,0.208188995718956,0
Grid+ USD,GRID-USD,2023-06-09,0.208188995718956,0.208188995718956,0.208188995718956,0.208188995718956,0.208188995718956,0
Grid+ USD,GRID-USD,2023-06-10,0.208188995718956,0.208188995718956,0.208188995718956,0.208188995718956,0.208188995718956,0
Grid+ USD,GRID-USD,2023-06-11,0.208188995718956,0.208188995718956,0.208188995718956,0.208188995718956,0.208188995718956,0
Grid+ USD,GRID-USD,2023-06-12,0.208188995718956,0.208188995718956,0.208188995718956,0.208188995718956,0.208188995718956,0
Grid+ USD,GRID-USD,2023-06-13,0.208188995718956,0.208188995718956,0.208188995718956,0.208188995718956,0.208188995718956,0
Grid+ USD,GRID-USD,2023-06-14,0.208188995718956,0.208188995718956,0.208188995718956,0.208188995718956,0.208188995718956,0
Grid+ USD,GRID-USD,2023-06-15,0.208188995718956,0.208188995718956,0.208188995718956,0.208188995718956,0.208188995718956,0
Grid+ USD,GRID-USD,2023-06-16,0.208188995718956,0.208188995718956,0.208188995718956,0.208188995718956,0.208188995718956,0
Grid+ USD,GRID-USD,2023-06-17,0.208188995718956,0.208188995718956,0.208188995718956,0.208188995718956,0.208188995718956,0
Grid+ USD,GRID-USD,2023-06-18,0.208188995718956,0.208188995718956,0.208188995718956,0.208188995718956,0.208188995718956,0
Grid+ USD,GRID-USD,2023-06-19,0.208188995718956,0.208188995718956,0.208188995718956,0.208188995718956,0.208188995718956,0
Grid+ USD,GRID-USD,2023-06-20,0.208188995718956,0.208188995718956,0.208188995718956,0.208188995718956,0.208188995718956,0
Grid+ USD,GRID-USD,2023-06-21,0.208188995718956,0.208188995718956,0.208188995718956,0.208188995718956,0.208188995718956,0
Grid+ USD,GRID-USD,2023-06-22,0.208188995718956,0.208188995718956,0.208188995718956,0.208188995718956,0.208188995718956,0
Grid+ USD,GRID-USD,2023-06-23,0.208188995718956,0.208188995718956,0.208188995718956,0.208188995718956,0.208188995718956,0
Grid+ USD,GRID-USD,2023-06-24,0.208188995718956,0.208188995718956,0.208188995718956,0.208188995718956,0.208188995718956,0
Grid+ USD,GRID-USD,2023-06-25,0.208188995718956,0.208188995718956,0.208188995718956,0.208188995718956,0.208188995718956,0
Grid+ USD,GRID-USD,2023-06-26,0.208188995718956,0.208188995718956,0.208188995718956,0.208188995718956,0.208188995718956,0
Grid+ USD,GRID-USD,2023-06-27,0.208188995718956,0.208188995718956,0.208188995718956,0.208188995718956,0.208188995718956,0
Grid+ USD,GRID-USD,2023-06-28,0.208188995718956,0.208188995718956,0.208188995718956,0.208188995718956,0.208188995718956,0
Grid+ USD,GRID-USD,2023-06-29,0.208188995718956,0.208188995718956,0.208188995718956,0.208188995718956,0.208188995718956,0
Grid+ USD,GRID-USD,2023-06-30,0.208188995718956,0.208188995718956,0.208188995718956,0.208188995718956,0.208188995718956,0
Grid+ USD,GRID-USD,2023-07-01,0.208188995718956,0.208188995718956,0.208188995718956,0.208188995718956,0.208188995718956,0
Grid+ USD,GRID-USD,2023-07-02,0.208188995718956,0.208188995718956,0.208188995718956,0.208188995718956,0.208188995718956,0
Grid+ USD,GRID-USD,2023-07-03,0.208188995718956,0.208188995718956,0.208188995718956,0.208188995718956,0.208188995718956,0
Grid+ USD,GRID-USD,2023-07-04,0.208188995718956,0.208188995718956,0.208188995718956,0.208188995718956,0.208188995718956,0
Grid+ USD,GRID-USD,2023-07-05,0.208188995718956,0.208188995718956,0.208188995718956,0.208188995718956,0.208188995718956,0
Grid+ USD,GRID-USD,2023-07-06,0.208188995718956,0.208188995718956,0.208188995718956,0.208188995718956,0.208188995718956,0
Grid+ USD,GRID-USD,2023-07-07,0.208188995718956,0.208188995718956,0.208188995718956,0.208188995718956,0.208188995718956,0
Grid+ USD,GRID-USD,2023-07-08,0.208188995718956,0.208188995718956,0.208188995718956,0.208188995718956,0.208188995718956,0
Grid+ USD,GRID-USD,2023-07-09,0.208188995718956,0.208188995718956,0.208188995718956,0.208188995718956,0.208188995718956,0
Grid+ USD,GRID-USD,2023-07-10,0.208188995718956,0.208188995718956,0.208188995718956,0.208188995718956,0.208188995718956,0
Grid+ USD,GRID-USD,2023-07-11,0.208188995718956,0.208188995718956,0.208188995718956,0.208188995718956,0.208188995718956,0
Grid+ USD,GRID-USD,2023-07-12,0.208188995718956,0.208188995718956,0.208188995718956,0.208188995718956,0.208188995718956,0
Grid+ USD,GRID-USD,2023-07-13,0.208188995718956,0.208188995718956,0.208188995718956,0.208188995718956,0.208188995718956,0
Grid+ USD,GRID-USD,2023-07-14,0.208188995718956,0.208188995718956,0.208188995718956,0.208188995718956,0.208188995718956,0
Grid+ USD,GRID-USD,2023-07-15,0.208188995718956,0.208188995718956,0.208188995718956,0.208188995718956,0.208188995718956,0
Grid+ USD,GRID-USD,2023-07-16,0.208188995718956,0.208188995718956,0.208188995718956,0.208188995718956,0.208188995718956,0
Grid+ USD,GRID-USD,2023-07-17,0.208188995718956,0.208188995718956,0.208188995718956,0.208188995718956,0.208188995718956,0
Grid+ USD,GRID-USD,2023-07-18,0.208188995718956,0.208188995718956,0.208188995718956,0.208188995718956,0.208188995718956,0
Grid+ USD,GRID-USD,2023-07-19,0.208188995718956,0.208188995718956,0.208188995718956,0.208188995718956,0.208188995718956,0
Grid+ USD,GRID-USD,2023-07-20,0.208188995718956,0.208188995718956,0.208188995718956,0.208188995718956,0.208188995718956,0
Grid+ USD,GRID-USD,2023-07-21,0.208188995718956,0.208188995718956,0.208188995718956,0.208188995718956,0.208188995718956,0
Grid+ USD,GRID-USD,2023-07-22,0.208188995718956,0.208188995718956,0.208188995718956,0.208188995718956,0.208188995718956,0
Grid+ USD,GRID-USD,2023-07-23,0.208188995718956,0.208188995718956,0.208188995718956,0.208188995718956,0.208188995718956,0
Grid+ USD,GRID-USD,2023-07-24,0.208188995718956,0.208188995718956,0.208188995718956,0.208188995718956,0.208188995718956,0
Grid+ USD,GRID-USD,2023-07-25,0.208188995718956,0.208188995718956,0.208188995718956,0.208188995718956,0.208188995718956,0
Grid+ USD,GRID-USD,2023-07-26,0.208188995718956,0.208188995718956,0.208188995718956,0.208188995718956,0.208188995718956,0
Grid+ USD,GRID-USD,2023-07-27,0.208188995718956,0.208188995718956,0.208188995718956,0.208188995718956,0.208188995718956,0
Grid+ USD,GRID-USD,2023-07-28,0.208188995718956,0.208188995718956,0.208188995718956,0.208188995718956,0.208188995718956,0
Grid+ USD,GRID-USD,2023-07-29,0.208188995718956,0.208188995718956,0.208188995718956,0.208188995718956,0.208188995718956,0
Grid+ USD,GRID-USD,2023-07-30,0.208188995718956,0.208188995718956,0.208188995718956,0.208188995718956,0.208188995718956,0
Grid+ USD,GRID-USD,2023-07-31,0.208188995718956,0.208188995718956,0.208188995718956,0.208188995718956,0.208188995718956,0
Grid+ USD,GRID-USD,2023-08-01,0.208188995718956,0.208188995718956,0.208188995718956,0.208188995718956,0.208188995718956,0
Grid+ USD,GRID-USD,2023-08-02,0.208188995718956,0.208188995718956,0.208188995718956,0.208188995718956,0.208188995718956,0
Grid+ USD,GRID-USD,2023-08-03,0.208188995718956,0.208188995718956,0.208188995718956,0.208188995718956,0.208188995718956,0
Grid+ USD,GRID-USD,2023-08-04,0.208188995718956,0.208188995718956,0.208188995718956,0.208188995718956,0.208188995718956,0
Grid+ USD,GRID-USD,2023-08-05,0.208188995718956,0.208188995718956,0.208188995718956,0.208188995718956,0.208188995718956,0
Grid+ USD,GRID-USD,2023-08-06,0.208188995718956,0.208188995718956,0.208188995718956,0.208188995718956,0.208188995718956,0
Grid+ USD,GRID-USD,2023-08-07,0.208188995718956,0.208188995718956,0.208188995718956,0.208188995718956,0.208188995718956,0
Grid+ USD,GRID-USD,2023-08-08,0.208188995718956,0.208188995718956,0.208188995718956,0.208188995718956,0.208188995718956,0
Grid+ USD,GRID-USD,2023-08-09,0.208188995718956,0.208188995718956,0.208188995718956,0.208188995718956,0.208188995718956,0
Grid+ USD,GRID-USD,2023-08-10,0.208188995718956,0.208188995718956,0.208188995718956,0.208188995718956,0.208188995718956,0
Grid+ USD,GRID-USD,2023-08-11,0.208188995718956,0.208188995718956,0.208188995718956,0.208188995718956,0.208188995718956,0
Grid+ USD,GRID-USD,2023-08-12,0.208188995718956,0.208188995718956,0.208188995718956,0.208188995718956,0.208188995718956,0
Grid+ USD,GRID-USD,2023-08-13,0.208188995718956,0.208188995718956,0.208188995718956,0.208188995718956,0.208188995718956,0
Grid+ USD,GRID-USD,2023-08-14,0.208188995718956,0.208188995718956,0.208188995718956,0.208188995718956,0.208188995718956,0
Grid+ USD,GRID-USD,2023-08-15,0.208188995718956,0.208188995718956,0.208188995718956,0.208188995718956,0.208188995718956,0
Grid+ USD,GRID-USD,2023-08-16,0.208188995718956,0.208188995718956,0.208188995718956,0.208188995718956,0.208188995718956,0
Grid+ USD,GRID-USD,2023-08-17,0.208188995718956,0.208188995718956,0.208188995718956,0.208188995718956,0.208188995718956,0
Grid+ USD,GRID-USD,2023-08-18,0.208188995718956,0.208188995718956,0.208188995718956,0.208188995718956,0.208188995718956,0
Grid+ USD,GRID-USD,2023-08-19,0.208188995718956,0.208188995718956,0.208188995718956,0.208188995718956,0.208188995718956,0
Grid+ USD,GRID-USD,2023-08-20,0.208188995718956,0.208188995718956,0.208188995718956,0.208188995718956,0.208188995718956,0
Grid+ USD,GRID-USD,2023-08-21,0.208188995718956,0.208188995718956,0.208188995718956,0.208188995718956,0.208188995718956,0
Grid+ USD,GRID-USD,2023-08-22,0.208188995718956,0.208188995718956,0.208188995718956,0.208188995718956,0.208188995718956,0
Grid+ USD,GRID-USD,2023-08-23,0.208188995718956,0.208188995718956,0.208188995718956,0.208188995718956,0.208188995718956,0
Grid+ USD,GRID-USD,2023-08-24,0.208188995718956,0.208188995718956,0.208188995718956,0.208188995718956,0.208188995718956,0
Grid+ USD,GRID-USD,2023-08-25,0.208188995718956,0.208188995718956,0.208188995718956,0.208188995718956,0.208188995718956,0
Grid+ USD,GRID-USD,2023-08-26,0.208188995718956,0.208188995718956,0.208188995718956,0.208188995718956,0.208188995718956,0
Grid+ USD,GRID-USD,2023-08-27,0.208188995718956,0.208188995718956,0.208188995718956,0.208188995718956,0.208188995718956,0
Grid+ USD,GRID-USD,2023-08-28,0.208188995718956,0.208188995718956,0.208188995718956,0.208188995718956,0.208188995718956,0
Grid+ USD,GRID-USD,2023-08-29,0.208188995718956,0.208188995718956,0.208188995718956,0.208188995718956,0.208188995718956,0
Grid+ USD,GRID-USD,2023-08-30,0.208188995718956,0.208188995718956,0.208188995718956,0.208188995718956,0.208188995718956,0
Grid+ USD,GRID-USD,2023-08-31,0.208188995718956,0.208188995718956,0.208188995718956,0.208188995718956,0.208188995718956,0
Grid+ USD,GRID-USD,2023-09-01,0.208188995718956,0.208188995718956,0.208188995718956,0.208188995718956,0.208188995718956,0
Grid+ USD,GRID-USD,2023-09-02,0.208188995718956,0.208188995718956,0.208188995718956,0.208188995718956,0.208188995718956,0
Grid+ USD,GRID-USD,2023-09-03,0.208188995718956,0.208188995718956,0.208188995718956,0.208188995718956,0.208188995718956,0
Grid+ USD,GRID-USD,2023-09-04,0.208188995718956,0.208188995718956,0.208188995718956,0.208188995718956,0.208188995718956,0
Grid+ USD,GRID-USD,2023-09-05,0.208188995718956,0.208188995718956,0.208188995718956,0.208188995718956,0.208188995718956,0
Grid+ USD,GRID-USD,2023-09-06,0.208188995718956,0.208188995718956,0.208188995718956,0.208188995718956,0.208188995718956,0
Grid+ USD,GRID-USD,2023-09-07,0.208188995718956,0.208188995718956,0.208188995718956,0.208188995718956,0.208188995718956,0
Grid+ USD,GRID-USD,2023-09-08,0.208188995718956,0.208188995718956,0.208188995718956,0.208188995718956,0.208188995718956,0
Grid+ USD,GRID-USD,2023-09-09,0.208188995718956,0.208188995718956,0.208188995718956,0.208188995718956,0.208188995718956,0
Grid+ USD,GRID-USD,2023-09-10,0.208188995718956,0.208188995718956,0.208188995718956,0.208188995718956,0.208188995718956,0
Grid+ USD,GRID-USD,2023-09-11,0.208188995718956,0.208188995718956,0.208188995718956,0.208188995718956,0.208188995718956,0
Grid+ USD,GRID-USD,2023-09-12,0.208188995718956,0.208188995718956,0.208188995718956,0.208188995718956,0.208188995718956,0
Grid+ USD,GRID-USD,2023-09-13,0.208188995718956,0.208188995718956,0.208188995718956,0.208188995718956,0.208188995718956,0
Grid+ USD,GRID-USD,2023-09-14,0.2081894427537918,0.2081894427537918,0.2081505805253982,0.2081894427537918,0.2081894427537918,19
Grid+ USD,GRID-USD,2023-09-15,0.2081894427537918,0.2081894427537918,0.2081894427537918,0.2081894427537918,0.2081894427537918,19
Grid+ USD,GRID-USD,2023-09-16,0.2081894427537918,0.2081894427537918,0.2081894427537918,0.2081894427537918,0.2081894427537918,19
Grid+ USD,GRID-USD,2023-09-17,0.2081894427537918,0.2081894427537918,0.2081894427537918,0.2081894427537918,0.2081894427537918,19
Grid+ USD,GRID-USD,2023-09-18,0.2081894427537918,0.2081894427537918,0.2081894427537918,0.2081894427537918,0.2081894427537918,19
Grid+ USD,GRID-USD,2023-09-19,0.2081894427537918,0.2081894427537918,0.2081894427537918,0.2081894427537918,0.2081894427537918,19
Grid+ USD,GRID-USD,2023-09-20,0.2081894427537918,0.2081894427537918,0.2081894427537918,0.2081894427537918,0.2081894427537918,19
Grid+ USD,GRID-USD,2023-09-21,0.2081894427537918,0.2081894427537918,0.2081894427537918,0.2081894427537918,0.2081894427537918,19
Grid+ USD,GRID-USD,2023-09-24,0.2081894427537918,0.2081894427537918,0.2081894427537918,0.2081894427537918,0.2081894427537918,19
Grid+ USD,GRID-USD,2023-09-22,0.208188995718956,0.208188995718956,0.208188995718956,0.208188995718956,0.208188995718956,0
Grid+ USD,GRID-USD,2023-09-23,0.208188995718956,0.208188995718956,0.208188995718956,0.208188995718956,0.208188995718956,0
Grid+ USD,GRID-USD,2023-09-25,0.2081894427537918,0.2081894427537918,0.2081894427537918,0.2081894427537918,0.2081894427537918,19
Grid+ USD,GRID-USD,2023-09-26,0.2081894427537918,0.2081894427537918,0.2081894427537918,0.2081894427537918,0.2081894427537918,19
Grid+ USD,GRID-USD,2023-09-27,0.2081894427537918,0.2081894427537918,0.2081894427537918,0.2081894427537918,0.2081894427537918,19
Grid+ USD,GRID-USD,2023-09-28,0.2081894427537918,0.2081894427537918,0.2081894427537918,0.2081894427537918,0.2081894427537918,19
Grid+ USD,GRID-USD,2023-09-29,0.2081894427537918,0.2081894427537918,0.2081894427537918,0.2081894427537918,0.2081894427537918,19
Grid+ USD,GRID-USD,2023-09-30,0.2081894427537918,0.2081894427537918,0.2081894427537918,0.2081894427537918,0.2081894427537918,19
Grid+ USD,GRID-USD,2023-10-01,0.2081894427537918,0.2081894427537918,0.2081894427537918,0.2081894427537918,0.2081894427537918,19
Grid+ USD,GRID-USD,2023-10-02,0.2081894427537918,0.2081894427537918,0.2081894427537918,0.2081894427537918,0.2081894427537918,19
Grid+ USD,GRID-USD,2023-10-03,0.2081894427537918,0.2081894427537918,0.2081894427537918,0.2081894427537918,0.2081894427537918,19
Grid+ USD,GRID-USD,2023-10-04,0.208188995718956,0.208188995718956,0.208188995718956,0.208188995718956,0.208188995718956,0
Grid+ USD,GRID-USD,2023-10-05,0.2081894427537918,0.2081894427537918,0.2081894427537918,0.2081894427537918,0.2081894427537918,19
Grid+ USD,GRID-USD,2023-10-06,0.2081894427537918,0.2081894427537918,0.2081894427537918,0.2081894427537918,0.2081894427537918,19
Grid+ USD,GRID-USD,2023-10-07,0.2081894427537918,0.2081894427537918,0.2081894427537918,0.2081894427537918,0.2081894427537918,19
Grid+ USD,GRID-USD,2023-10-08,0.2081894427537918,0.2081894427537918,0.2081894427537918,0.2081894427537918,0.2081894427537918,19
Grid+ USD,GRID-USD,2023-10-09,0.2081894427537918,0.2081894427537918,0.2081894427537918,0.2081894427537918,0.2081894427537918,19
