Name,Symbol,Date,Open,High,Low,Close,Adj Close,Volume
Kwenta USD,KWENTA-USD,2022-12-13,165.0430908203125,194.2664489746093,164.97935485839844,186.70068359375,186.70068359375,129696
Kwenta USD,KWENTA-USD,2022-12-14,186.87939453125,206.51242065429688,180.9203643798828,195.6896514892578,195.6896514892578,100942
Kwenta USD,KWENTA-USD,2022-12-15,195.6793975830078,200.92837524414065,157.99765014648438,173.59036254882812,173.59036254882812,126749
Kwenta USD,KWENTA-USD,2022-12-16,173.60791015625,179.72084045410156,151.53231811523438,152.5028533935547,152.5028533935547,46786
Kwenta USD,KWENTA-USD,2022-12-17,152.5028533935547,165.4112091064453,149.16932678222656,160.44430541992188,160.44430541992188,25851
Kwenta USD,KWENTA-USD,2022-12-18,160.44430541992188,166.253662109375,157.18475341796875,164.78717041015625,164.78717041015625,9388
Kwenta USD,KWENTA-USD,2022-12-19,164.78717041015625,179.17686462402344,160.6015167236328,170.75872802734375,170.75872802734375,19842
Kwenta USD,KWENTA-USD,2022-12-20,170.75872802734375,197.709716796875,170.22976684570312,180.09124755859375,180.09124755859375,38994
Kwenta USD,KWENTA-USD,2022-12-21,180.08209228515625,201.2977600097656,178.6649169921875,191.6683654785156,191.6683654785156,53815
Kwenta USD,KWENTA-USD,2022-12-22,191.8481292724609,191.8952178955078,166.83831787109375,183.22569274902344,183.22569274902344,68157
Kwenta USD,KWENTA-USD,2022-12-23,183.22569274902344,191.6844177246093,182.7138519287109,185.9589691162109,185.9589691162109,17434
Kwenta USD,KWENTA-USD,2022-12-24,185.9552154541016,198.5721130371093,183.70068359375,191.8156890869141,191.8156890869141,28016
Kwenta USD,KWENTA-USD,2022-12-25,191.8156890869141,198.5955810546875,187.6691131591797,187.82907104492188,187.82907104492188,17603
Kwenta USD,KWENTA-USD,2022-12-26,188.0167388916016,191.9430389404297,184.27096557617188,189.12408447265625,189.12408447265625,7333
Kwenta USD,KWENTA-USD,2022-12-27,189.2391967773437,193.2357635498047,179.91334533691406,191.01315307617188,191.01315307617188,15346
Kwenta USD,KWENTA-USD,2022-12-28,191.02169799804688,191.51551818847656,164.09092712402344,164.61216735839844,164.61216735839844,23481
Kwenta USD,KWENTA-USD,2022-12-29,164.61216735839844,170.5988311767578,145.2380828857422,155.88815307617188,155.88815307617188,42082
Kwenta USD,KWENTA-USD,2022-12-30,155.88815307617188,155.93856811523438,147.3988494873047,149.0587921142578,149.0587921142578,4657
Kwenta USD,KWENTA-USD,2022-12-31,148.9423828125,154.02743530273438,109.02630615234376,128.58560180664062,128.58560180664062,61339
Kwenta USD,KWENTA-USD,2023-01-01,128.58319091796875,138.4171905517578,116.30841827392578,135.42845153808594,135.42845153808594,29569
Kwenta USD,KWENTA-USD,2023-01-02,135.42845153808594,144.2877655029297,134.1029052734375,135.9246368408203,135.9246368408203,19291
Kwenta USD,KWENTA-USD,2023-01-03,135.9635467529297,157.27401733398438,128.4064483642578,153.52389526367188,153.52389526367188,44525
Kwenta USD,KWENTA-USD,2023-01-04,153.52389526367188,162.77862548828125,147.58233642578125,162.77862548828125,162.77862548828125,38673
Kwenta USD,KWENTA-USD,2023-01-05,162.68572998046875,176.31399536132812,154.18295288085938,166.3931884765625,166.3931884765625,46957
Kwenta USD,KWENTA-USD,2023-01-06,166.3901824951172,172.54075622558594,162.4075927734375,172.5027313232422,172.5027313232422,14003
Kwenta USD,KWENTA-USD,2023-01-07,168.8907012939453,174.64111328125,167.711181640625,168.58787536621094,168.58787536621094,19641
Kwenta USD,KWENTA-USD,2023-01-08,168.51441955566406,170.06674194335938,163.20684814453125,165.8099365234375,165.8099365234375,17810
Kwenta USD,KWENTA-USD,2023-01-09,165.61703491210938,174.3545684814453,159.60499572753906,160.0962677001953,160.0962677001953,17996
Kwenta USD,KWENTA-USD,2023-01-10,160.0056610107422,165.98939514160156,153.41567993164062,162.31765747070312,162.31765747070312,18516
Kwenta USD,KWENTA-USD,2023-01-11,162.31765747070312,162.8522491455078,149.44024658203125,159.78561401367188,159.78561401367188,11878
Kwenta USD,KWENTA-USD,2023-01-12,167.07568359375,167.156982421875,152.3970184326172,156.62388610839844,156.62388610839844,18146
Kwenta USD,KWENTA-USD,2023-01-13,156.8244171142578,157.07530212402344,139.6730499267578,140.25018310546875,140.25018310546875,34152
Kwenta USD,KWENTA-USD,2023-01-14,140.28213500976562,164.39828491210938,140.06857299804688,149.53530883789062,149.53530883789062,43540
Kwenta USD,KWENTA-USD,2023-01-15,149.5038299560547,161.35372924804688,142.37677001953125,151.41519165039062,151.41519165039062,32684
Kwenta USD,KWENTA-USD,2023-01-16,151.413330078125,156.63096618652344,141.438232421875,151.8642120361328,151.8642120361328,16596
Kwenta USD,KWENTA-USD,2023-01-17,151.8642120361328,154.7134246826172,146.8035430908203,152.09207153320312,152.09207153320312,5376
Kwenta USD,KWENTA-USD,2023-01-18,151.92584228515625,164.86192321777344,140.65447998046875,143.83810424804688,143.83810424804688,38877
Kwenta USD,KWENTA-USD,2023-01-19,143.9388427734375,151.96575927734375,136.8888702392578,151.96575927734375,151.96575927734375,10683
Kwenta USD,KWENTA-USD,2023-01-20,151.9390106201172,163.79376220703125,143.6870880126953,161.147705078125,161.147705078125,22675
Kwenta USD,KWENTA-USD,2023-01-21,161.1378936767578,183.3291473388672,160.62619018554688,171.47027587890625,171.47027587890625,89118
Kwenta USD,KWENTA-USD,2023-01-22,171.76864624023438,179.49020385742188,164.31495666503906,172.8271484375,172.8271484375,48130
Kwenta USD,KWENTA-USD,2023-01-23,172.55633544921875,179.08018493652344,169.3820037841797,169.7790985107422,169.7790985107422,10383
Kwenta USD,KWENTA-USD,2023-01-24,169.55844116210938,182.29405212402344,166.6729736328125,167.4059295654297,167.4059295654297,25053
Kwenta USD,KWENTA-USD,2023-01-25,167.43165588378906,176.7425994873047,157.41282653808594,169.948486328125,169.948486328125,24660
Kwenta USD,KWENTA-USD,2023-01-26,169.94583129882812,176.5727081298828,164.6412353515625,167.77218627929688,167.77218627929688,13371
Kwenta USD,KWENTA-USD,2023-01-27,167.77137756347656,170.51467895507812,162.56724548339844,166.09664916992188,166.09664916992188,7248
Kwenta USD,KWENTA-USD,2023-01-28,166.16619873046875,169.09445190429688,162.8403778076172,163.5033416748047,163.5033416748047,4182
Kwenta USD,KWENTA-USD,2023-01-29,163.5033416748047,180.08932495117188,162.89224243164062,163.13229370117188,163.13229370117188,20329
Kwenta USD,KWENTA-USD,2023-01-30,163.17149353027344,165.9540252685547,150.1108856201172,152.54554748535156,152.54554748535156,10420
Kwenta USD,KWENTA-USD,2023-01-31,152.52967834472656,158.8338165283203,139.446533203125,147.7801971435547,147.7801971435547,19883
Kwenta USD,KWENTA-USD,2023-02-01,147.73817443847656,157.8014678955078,139.81686401367188,157.3661651611328,157.3661651611328,10396
Kwenta USD,KWENTA-USD,2023-02-02,157.45558166503906,170.47044372558594,155.669677734375,160.54177856445312,160.54177856445312,33111
Kwenta USD,KWENTA-USD,2023-02-03,160.59864807128906,177.34413146972656,156.8513946533203,169.76206970214844,169.76206970214844,37280
Kwenta USD,KWENTA-USD,2023-02-04,169.73431396484375,188.5896148681641,156.9109344482422,186.2460021972656,186.2460021972656,99484
Kwenta USD,KWENTA-USD,2023-02-05,186.27163696289065,201.0359802246093,183.0350646972656,189.52359008789065,189.52359008789065,34445
Kwenta USD,KWENTA-USD,2023-02-06,189.6267547607422,215.2867584228516,188.6002349853516,204.59576416015625,204.59576416015625,50821
Kwenta USD,KWENTA-USD,2023-02-07,204.36639404296875,279.459716796875,200.10406494140625,279.3226318359375,279.3226318359375,367255
Kwenta USD,KWENTA-USD,2023-02-08,279.2078857421875,287.75390625,225.7887725830078,232.1947784423828,232.1947784423828,110678
Kwenta USD,KWENTA-USD,2023-02-09,232.0789794921875,255.3251495361328,214.744873046875,216.5325164794922,216.5325164794922,109332
Kwenta USD,KWENTA-USD,2023-02-10,216.5258636474609,291.66668701171875,214.94435119628903,266.2708435058594,266.2708435058594,5554553
Kwenta USD,KWENTA-USD,2023-02-11,266.2524719238281,298.6177673339844,264.0944519042969,288.558349609375,288.558349609375,8854335
Kwenta USD,KWENTA-USD,2023-02-12,288.3165588378906,326.8885803222656,268.4642944335937,277.51092529296875,277.51092529296875,9649055
Kwenta USD,KWENTA-USD,2023-02-13,277.4617004394531,295.01239013671875,263.3358764648437,294.6124572753906,294.6124572753906,2700204
Kwenta USD,KWENTA-USD,2023-02-14,294.8435363769531,326.4732666015625,288.75225830078125,325.6665954589844,325.6665954589844,935693
Kwenta USD,KWENTA-USD,2023-02-15,325.7566833496094,424.83697509765625,320.2839660644531,406.8203430175781,406.8203430175781,1302903
Kwenta USD,KWENTA-USD,2023-02-16,406.5836486816406,418.7958068847656,355.2225341796875,377.2286987304688,377.2286987304688,1408867
Kwenta USD,KWENTA-USD,2023-02-17,378.287841796875,443.0265502929688,354.5228576660156,408.34967041015625,408.34967041015625,1520591
Kwenta USD,KWENTA-USD,2023-02-18,408.3512268066406,450.59912109375,400.9849243164063,424.63232421875,424.63232421875,2249061
Kwenta USD,KWENTA-USD,2023-02-19,424.5150146484375,429.2099914550781,404.3193664550781,413.5823669433594,413.5823669433594,2094252
Kwenta USD,KWENTA-USD,2023-02-20,401.1536865234375,428.7985229492188,390.7869262695313,400.69927978515625,400.69927978515625,1480220
Kwenta USD,KWENTA-USD,2023-02-21,401.0071716308594,415.4606018066406,332.23199462890625,355.318603515625,355.318603515625,1115735
Kwenta USD,KWENTA-USD,2023-02-22,355.3463134765625,393.9197387695313,318.7904357910156,391.9808044433594,391.9808044433594,1140968
Kwenta USD,KWENTA-USD,2023-02-23,391.6368713378906,438.2151184082031,357.1497497558594,360.7806396484375,360.7806396484375,1297671
Kwenta USD,KWENTA-USD,2023-02-24,360.7806396484375,439.1408386230469,335.2926940917969,371.5675964355469,371.5675964355469,1345252
Kwenta USD,KWENTA-USD,2023-02-25,371.3318176269531,412.8769226074219,336.8604431152344,384.5113830566406,384.5113830566406,1494797
Kwenta USD,KWENTA-USD,2023-02-26,384.3658142089844,434.2897033691406,383.3196411132813,434.2897033691406,434.2897033691406,1618685
Kwenta USD,KWENTA-USD,2023-02-27,434.4316711425781,483.92327880859375,419.5743408203125,466.8171997070313,466.8171997070313,1667054
Kwenta USD,KWENTA-USD,2023-02-28,466.5657043457031,467.1712036132813,390.9798278808594,413.3108215332031,413.3108215332031,1573850
Kwenta USD,KWENTA-USD,2023-03-01,404.3207092285156,465.5975646972656,397.7513732910156,463.1629943847656,463.1629943847656,1503005
Kwenta USD,KWENTA-USD,2023-03-02,463.3532104492188,493.1257934570313,452.2457885742188,459.0670776367188,459.0670776367188,1614193
Kwenta USD,KWENTA-USD,2023-03-03,459.06005859375,570.3829345703125,399.6573791503906,563.8885498046875,563.8885498046875,2050894
Kwenta USD,KWENTA-USD,2023-03-04,567.6732788085938,584.6264038085938,480.1223449707031,490.6626892089844,490.6626892089844,1793403
Kwenta USD,KWENTA-USD,2023-03-05,490.7012939453125,622.470947265625,459.3614807128906,580.6272583007812,580.6272583007812,2186645
Kwenta USD,KWENTA-USD,2023-03-06,581.098388671875,619.5406494140625,508.9729309082031,617.284423828125,617.284423828125,2181592
Kwenta USD,KWENTA-USD,2023-03-07,617.5335693359375,685.5225830078125,582.19140625,642.7728271484375,642.7728271484375,2290108
Kwenta USD,KWENTA-USD,2023-03-08,638.697509765625,638.697509765625,492.5050354003906,543.7634887695312,543.7634887695312,1691605
Kwenta USD,KWENTA-USD,2023-03-09,543.4498901367188,603.6884155273438,395.5837707519531,489.9295349121094,489.9295349121094,1558005
Kwenta USD,KWENTA-USD,2023-03-10,489.6985168457031,661.70654296875,418.3825378417969,572.712646484375,572.712646484375,1859975
Kwenta USD,KWENTA-USD,2023-03-11,572.8333740234375,689.2266845703125,495.6846618652344,667.7012329101562,667.7012329101562,1761241
Kwenta USD,KWENTA-USD,2023-03-12,666.3089599609375,690.3965454101562,588.5143432617188,690.3965454101562,690.3965454101562,1774133
Kwenta USD,KWENTA-USD,2023-03-13,690.3214721679688,791.1748657226562,657.7553100585938,756.12939453125,756.12939453125,1985758
Kwenta USD,KWENTA-USD,2023-03-14,756.3883666992188,804.5455932617188,697.4503173828125,731.283203125,731.283203125,1914044
Kwenta USD,KWENTA-USD,2023-03-15,730.5656127929688,730.9727783203125,606.0216064453125,674.3349609375,674.3349609375,1565442
Kwenta USD,KWENTA-USD,2023-03-16,674.5780639648438,712.9552612304688,643.2744750976562,661.4020385742188,661.4020385742188,1488956
Kwenta USD,KWENTA-USD,2023-03-17,661.708740234375,719.3832397460938,655.3184814453125,698.8671875,698.8671875,1546675
Kwenta USD,KWENTA-USD,2023-03-18,699.1924438476562,703.8071899414062,633.4769287109375,634.7255249023438,634.7255249023438,1513563
Kwenta USD,KWENTA-USD,2023-03-19,634.7255249023438,670.552001953125,627.9575805664062,627.9575805664062,627.9575805664062,1478530
Kwenta USD,KWENTA-USD,2023-03-20,628.6912231445312,652.4384765625,606.70947265625,611.6278076171875,611.6278076171875,1345808
Kwenta USD,KWENTA-USD,2023-03-21,611.6278076171875,642.7084350585938,592.5291137695312,636.4412841796875,636.4412841796875,1395135
Kwenta USD,KWENTA-USD,2023-03-22,636.30224609375,636.30224609375,531.67236328125,535.2180786132812,535.2180786132812,1363617
Kwenta USD,KWENTA-USD,2023-03-23,535.186279296875,595.048583984375,523.2207641601562,576.581787109375,576.581787109375,1162228
Kwenta USD,KWENTA-USD,2023-03-24,576.1685791015625,577.7083740234375,442.014892578125,474.8777770996094,474.8777770996094,1335658
Kwenta USD,KWENTA-USD,2023-03-25,475.1752624511719,509.02252197265625,453.6119384765625,498.6219482421875,498.6219482421875,1197523
Kwenta USD,KWENTA-USD,2023-03-26,498.9057312011719,532.0001220703125,496.74755859375,504.1571044921875,504.1571044921875,1248281
Kwenta USD,KWENTA-USD,2023-03-27,504.26318359375,505.6323547363281,420.985107421875,454.8297119140625,454.8297119140625,1159256
Kwenta USD,KWENTA-USD,2023-03-28,454.8297119140625,513.5216064453125,440.9801330566406,490.8215942382813,490.8215942382813,1161109
Kwenta USD,KWENTA-USD,2023-03-29,490.5923156738281,528.2630004882812,489.3947143554688,526.7139282226562,526.7139282226562,1184407
Kwenta USD,KWENTA-USD,2023-03-30,527.0018920898438,557.1177978515625,501.12054443359375,504.3520202636719,504.3520202636719,1188113
Kwenta USD,KWENTA-USD,2023-03-31,504.449951171875,526.3688354492188,462.8802490234375,473.0721435546875,473.0721435546875,1201408
Kwenta USD,KWENTA-USD,2023-04-01,473.055419921875,483.1217041015625,467.01654052734375,467.51275634765625,467.51275634765625,1141015
Kwenta USD,KWENTA-USD,2023-04-02,469.4006042480469,650.0362548828125,467.0354919433594,636.838623046875,636.838623046875,1736177
Kwenta USD,KWENTA-USD,2023-04-03,637.1287841796875,637.1393432617188,586.1732177734375,598.6301879882812,598.6301879882812,1360342
Kwenta USD,KWENTA-USD,2023-04-04,598.6301879882812,640.4852294921875,597.8154907226562,618.4660034179688,618.4660034179688,1319470
Kwenta USD,KWENTA-USD,2023-04-05,618.2763061523438,701.7757568359375,616.7215576171875,670.9576416015625,670.9576416015625,2221591
Kwenta USD,KWENTA-USD,2023-04-06,671.0307006835938,671.062744140625,587.7810668945312,634.852294921875,634.852294921875,1495012
Kwenta USD,KWENTA-USD,2023-04-07,634.996337890625,638.1629638671875,548.5856323242188,589.47216796875,589.47216796875,1479271
Kwenta USD,KWENTA-USD,2023-04-08,589.7748413085938,599.1321411132812,564.5324096679688,576.327880859375,576.327880859375,1294177
Kwenta USD,KWENTA-USD,2023-04-09,576.222412109375,576.445068359375,551.3452758789062,566.2353515625,566.2353515625,1202636
Kwenta USD,KWENTA-USD,2023-04-10,565.7688598632812,579.5732421875,462.5262756347656,531.3216552734375,531.3216552734375,1455407
Kwenta USD,KWENTA-USD,2023-04-11,531.3607788085938,572.1918334960938,528.3795776367188,560.877197265625,560.877197265625,1269274
Kwenta USD,KWENTA-USD,2023-04-12,560.9987182617188,597.4708251953125,534.8814697265625,597.4022216796875,597.4022216796875,1304160
Kwenta USD,KWENTA-USD,2023-04-13,574.31494140625,629.5213623046875,573.35595703125,614.0726928710938,614.0726928710938,1516945
Kwenta USD,KWENTA-USD,2023-04-14,614.0726928710938,710.38916015625,613.9873046875,700.02392578125,700.02392578125,1797389
Kwenta USD,KWENTA-USD,2023-04-15,700.02392578125,747.327880859375,688.3624877929688,730.6527709960938,730.6527709960938,1784443
Kwenta USD,KWENTA-USD,2023-04-16,730.6304931640625,774.7822265625,726.1214599609375,748.6219482421875,748.6219482421875,1731300
Kwenta USD,KWENTA-USD,2023-04-17,748.6052856445312,748.6052856445312,643.5662841796875,736.4090576171875,736.4090576171875,1891920
Kwenta USD,KWENTA-USD,2023-04-18,737.4463500976562,781.0841674804688,689.13671875,777.4885864257812,777.4885864257812,2792847
Kwenta USD,KWENTA-USD,2023-04-19,779.6744384765625,779.6744384765625,681.99462890625,704.1732788085938,704.1732788085938,2672521
Kwenta USD,KWENTA-USD,2023-04-20,704.2289428710938,731.4141845703125,634.2295532226562,641.0341796875,641.0341796875,2212306
Kwenta USD,KWENTA-USD,2023-04-21,641.4988403320312,649.8135986328125,499.5794982910156,537.79248046875,537.79248046875,2394580
Kwenta USD,KWENTA-USD,2023-04-22,537.79248046875,594.4893798828125,537.4141845703125,589.671875,589.671875,1549660
Kwenta USD,KWENTA-USD,2023-04-23,589.749267578125,600.358154296875,578.403076171875,589.2410888671875,589.2410888671875,1542983
Kwenta USD,KWENTA-USD,2023-04-24,589.1394653320312,602.165283203125,579.4013671875,587.5186767578125,587.5186767578125,1444881
Kwenta USD,KWENTA-USD,2023-04-25,587.4693603515625,590.2474365234375,554.2445068359375,577.6077880859375,577.6077880859375,1536150
Kwenta USD,KWENTA-USD,2023-04-26,577.6089477539062,624.929443359375,504.6573791503906,517.1712646484375,517.1712646484375,2308907
Kwenta USD,KWENTA-USD,2023-04-27,517.157470703125,555.3081665039062,516.2060546875,537.6047973632812,537.6047973632812,1825289
Kwenta USD,KWENTA-USD,2023-04-28,537.6047973632812,538.4766845703125,507.2485656738281,531.8469848632812,531.8469848632812,1620049
Kwenta USD,KWENTA-USD,2023-04-29,531.8327026367188,533.7630615234375,511.6428527832031,514.3400268554688,514.3400268554688,1321482
Kwenta USD,KWENTA-USD,2023-04-30,514.3400268554688,524.6539306640625,484.6302795410156,486.5540161132813,486.5540161132813,1541115
Kwenta USD,KWENTA-USD,2023-05-01,486.0861206054688,507.08148193359375,471.8223876953125,489.5963745117188,489.5963745117188,1681140
Kwenta USD,KWENTA-USD,2023-05-02,489.6287536621094,489.6287536621094,414.9249572753906,477.34130859375,477.34130859375,1859687
Kwenta USD,KWENTA-USD,2023-05-03,477.3138427734375,480.2802429199219,465.9765319824219,477.9202880859375,477.9202880859375,1306516
Kwenta USD,KWENTA-USD,2023-05-04,477.9232177734375,489.2080383300781,467.6796875,469.47369384765625,469.47369384765625,1368677
Kwenta USD,KWENTA-USD,2023-05-05,469.3744812011719,495.6561279296875,461.9220581054688,494.251220703125,494.251220703125,1421420
Kwenta USD,KWENTA-USD,2023-05-06,494.3719177246094,504.703369140625,462.52484130859375,469.74847412109375,469.74847412109375,1405649
Kwenta USD,KWENTA-USD,2023-05-07,469.7261352539063,504.2875061035156,444.6809997558594,482.4921569824219,482.4921569824219,1496736
Kwenta USD,KWENTA-USD,2023-05-08,482.2620239257813,482.2620239257813,441.7862548828125,456.2528076171875,456.2528076171875,1213044
Kwenta USD,KWENTA-USD,2023-05-09,456.2936706542969,462.40380859375,444.54400634765625,450.7074890136719,450.7074890136719,1261942
Kwenta USD,KWENTA-USD,2023-05-10,450.8213806152344,465.1917724609375,409.6441040039063,441.58740234375,441.58740234375,1629520
Kwenta USD,KWENTA-USD,2023-05-11,441.6127624511719,441.6714477539063,388.0462036132813,405.6550598144531,405.6550598144531,1479532
Kwenta USD,KWENTA-USD,2023-05-12,405.6681213378906,406.156494140625,367.0120849609375,385.7653503417969,385.7653503417969,1468840
Kwenta USD,KWENTA-USD,2023-05-13,385.7822265625,388.8987121582031,382.0348510742188,383.4857177734375,383.4857177734375,1056993
Kwenta USD,KWENTA-USD,2023-05-14,383.49652099609375,383.6901245117188,312.83795166015625,322.7424011230469,322.7424011230469,1405777
Kwenta USD,KWENTA-USD,2023-05-15,322.7943420410156,420.4767150878906,320.611083984375,416.03118896484375,416.03118896484375,1582123
Kwenta USD,KWENTA-USD,2023-05-16,415.94635009765625,416.7960815429688,358.5480651855469,371.28076171875,371.28076171875,1354566
Kwenta USD,KWENTA-USD,2023-05-17,371.2991943359375,379.2232971191406,332.0477905273437,350.42510986328125,350.42510986328125,1376204
Kwenta USD,KWENTA-USD,2023-05-18,350.3997802734375,361.8239440917969,349.8724365234375,352.8917541503906,352.8917541503906,1164827
Kwenta USD,KWENTA-USD,2023-05-19,352.18170166015625,354.04302978515625,339.3318176269531,340.3583068847656,340.3583068847656,999684
Kwenta USD,KWENTA-USD,2023-05-20,340.4114990234375,344.1964416503906,339.3956298828125,343.45587158203125,343.45587158203125,875917
Kwenta USD,KWENTA-USD,2023-05-21,343.5237731933594,343.5998840332031,311.562255859375,312.30255126953125,312.30255126953125,1121505
Kwenta USD,KWENTA-USD,2023-05-22,312.2940979003906,321.5408935546875,300.3892822265625,301.30377197265625,301.30377197265625,850903
Kwenta USD,KWENTA-USD,2023-05-23,301.2175598144531,328.6134033203125,301.138916015625,325.92535400390625,325.92535400390625,854438
Kwenta USD,KWENTA-USD,2023-05-24,325.9586486816406,325.9586486816406,303.0372314453125,320.8686828613281,320.8686828613281,845290
Kwenta USD,KWENTA-USD,2023-05-25,320.8900146484375,321.5005798339844,311.800537109375,311.95379638671875,311.95379638671875,747639
Kwenta USD,KWENTA-USD,2023-05-26,311.9616394042969,325.6388854980469,309.91668701171875,321.0556640625,321.0556640625,822162
Kwenta USD,KWENTA-USD,2023-05-27,321.0378723144531,349.12139892578125,320.6024475097656,348.7994689941406,348.7994689941406,937326
Kwenta USD,KWENTA-USD,2023-05-28,348.8028869628906,392.0396728515625,347.91522216796875,386.89984130859375,386.89984130859375,1172082
Kwenta USD,KWENTA-USD,2023-05-29,386.8559265136719,396.616943359375,369.4764709472656,369.6158752441406,369.6158752441406,1038875
Kwenta USD,KWENTA-USD,2023-05-30,369.39501953125,371.7798767089844,348.7635192871094,348.9965515136719,348.9965515136719,1078484
Kwenta USD,KWENTA-USD,2023-05-31,349.0166320800781,349.33502197265625,325.4924621582031,331.2095947265625,331.2095947265625,878998
Kwenta USD,KWENTA-USD,2023-06-01,331.2767639160156,335.09820556640625,299.010986328125,299.9994201660156,299.9994201660156,904719
Kwenta USD,KWENTA-USD,2023-06-02,299.975341796875,313.12109375,284.867919921875,301.2322998046875,301.2322998046875,956089
Kwenta USD,KWENTA-USD,2023-06-03,301.25360107421875,305.0025939941406,297.436767578125,304.6289367675781,304.6289367675781,736145
Kwenta USD,KWENTA-USD,2023-06-04,304.67010498046875,308.96954345703125,292.4115295410156,305.4098815917969,305.4098815917969,852829
Kwenta USD,KWENTA-USD,2023-06-05,305.364501953125,305.9820861816406,280.9993591308594,293.582275390625,293.582275390625,814229
Kwenta USD,KWENTA-USD,2023-06-06,293.5492858886719,318.4866638183594,292.948974609375,318.2034912109375,318.2034912109375,839986
Kwenta USD,KWENTA-USD,2023-06-07,318.2098999023437,325.0804748535156,291.9353332519531,292.8028259277344,292.8028259277344,1108307
Kwenta USD,KWENTA-USD,2023-06-08,292.8067626953125,317.6424560546875,290.88201904296875,303.4502258300781,303.4502258300781,924279
Kwenta USD,KWENTA-USD,2023-06-09,303.4657897949219,303.7701110839844,295.9107666015625,297.5099792480469,297.5099792480469,733375
Kwenta USD,KWENTA-USD,2023-06-10,297.4765930175781,298.1366271972656,241.6154022216797,252.0553436279297,252.0553436279297,921222
Kwenta USD,KWENTA-USD,2023-06-11,252.0297241210937,254.632064819336,243.60125732421875,250.27487182617188,250.27487182617188,663253
Kwenta USD,KWENTA-USD,2023-06-12,250.28482055664065,250.580078125,241.3709716796875,244.38699340820312,244.38699340820312,676111
Kwenta USD,KWENTA-USD,2023-06-13,244.38699340820312,250.0794219970703,234.596435546875,235.85752868652344,235.85752868652344,652881
Kwenta USD,KWENTA-USD,2023-06-14,235.8362579345703,244.0559539794922,223.90887451171875,224.79920959472656,224.79920959472656,675855
Kwenta USD,KWENTA-USD,2023-06-15,224.82911682128903,224.98248291015625,212.5538024902344,221.75030517578125,221.75030517578125,659120
Kwenta USD,KWENTA-USD,2023-06-16,221.7530670166016,246.2640686035156,221.18283081054688,246.20947265625,246.20947265625,674740
Kwenta USD,KWENTA-USD,2023-06-17,246.2367553710937,255.37130737304688,246.0026092529297,254.489013671875,254.489013671875,623493
Kwenta USD,KWENTA-USD,2023-06-18,254.4607696533203,264.0152893066406,253.20733642578125,253.5778961181641,253.5778961181641,597686
Kwenta USD,KWENTA-USD,2023-06-19,253.5778961181641,255.893310546875,249.7753753662109,255.7381286621093,255.7381286621093,597191
Kwenta USD,KWENTA-USD,2023-06-20,255.89892578125,270.4518737792969,246.7954864501953,266.6388244628906,266.6388244628906,719184
Kwenta USD,KWENTA-USD,2023-06-21,266.6902160644531,310.3879699707031,266.1868591308594,292.6450500488281,292.6450500488281,1199448
Kwenta USD,KWENTA-USD,2023-06-22,292.6380615234375,300.7579345703125,275.0840148925781,275.40936279296875,275.40936279296875,620689
Kwenta USD,KWENTA-USD,2023-06-23,275.42266845703125,287.75146484375,270.2530822753906,281.05572509765625,281.05572509765625,471143
Kwenta USD,KWENTA-USD,2023-06-24,281.0643920898437,283.2834777832031,271.3419494628906,272.1635437011719,272.1635437011719,374809
Kwenta USD,KWENTA-USD,2023-06-25,272.1636657714844,300.0611877441406,271.2867126464844,289.3890075683594,289.3890075683594,472856
Kwenta USD,KWENTA-USD,2023-06-26,289.3593139648437,301.22821044921875,283.77984619140625,298.34423828125,298.34423828125,493169
Kwenta USD,KWENTA-USD,2023-06-27,298.3998413085937,300.14947509765625,277.3017272949219,277.45330810546875,277.45330810546875,529215
Kwenta USD,KWENTA-USD,2023-06-28,277.4685974121094,277.4685974121094,257.1726379394531,257.4234619140625,257.4234619140625,415122
Kwenta USD,KWENTA-USD,2023-06-29,257.4209289550781,266.2830810546875,253.74624633789065,260.3759765625,260.3759765625,518091
Kwenta USD,KWENTA-USD,2023-06-30,260.3807983398437,270.2069702148437,254.5358428955078,270.19073486328125,270.19073486328125,399874
Kwenta USD,KWENTA-USD,2023-07-01,270.2030029296875,273.41070556640625,259.21697998046875,260.3843688964844,260.3843688964844,424348
Kwenta USD,KWENTA-USD,2023-07-02,260.3856506347656,265.5909423828125,255.9191131591797,260.4466857910156,260.4466857910156,407923
Kwenta USD,KWENTA-USD,2023-07-03,260.43328857421875,310.0879211425781,260.43328857421875,300.6005859375,300.6005859375,649007
Kwenta USD,KWENTA-USD,2023-07-04,300.5959167480469,315.2460632324219,296.5097961425781,296.61724853515625,296.61724853515625,329155
Kwenta USD,KWENTA-USD,2023-07-05,296.61724853515625,300.3348693847656,283.3907165527344,285.9277648925781,285.9277648925781,207381
Kwenta USD,KWENTA-USD,2023-07-06,285.9277648925781,296.0427551269531,273.6426086425781,273.6426086425781,273.6426086425781,153410
Kwenta USD,KWENTA-USD,2023-07-07,273.7832336425781,273.7832336425781,244.91026306152344,267.7224426269531,267.7224426269531,390599
Kwenta USD,KWENTA-USD,2023-07-08,267.71014404296875,270.9120483398437,257.58544921875,270.9120483398437,270.9120483398437,181434
Kwenta USD,KWENTA-USD,2023-07-09,270.9120483398437,273.16510009765625,268.331787109375,268.8031005859375,268.8031005859375,126127
Kwenta USD,KWENTA-USD,2023-07-10,268.8017883300781,269.107421875,257.4520568847656,258.9750366210937,258.9750366210937,153315
Kwenta USD,KWENTA-USD,2023-07-11,258.9750366210937,259.9442749023437,242.3952178955078,243.83941650390625,243.83941650390625,213804
Kwenta USD,KWENTA-USD,2023-07-12,243.81494140625,252.8725128173828,235.0963134765625,235.5693206787109,235.5693206787109,245319
Kwenta USD,KWENTA-USD,2023-07-13,235.5830993652344,258.0021057128906,235.3754119873047,254.590072631836,254.590072631836,292267
Kwenta USD,KWENTA-USD,2023-07-14,254.53712463378903,286.59063720703125,253.2706756591797,255.01988220214844,255.01988220214844,439360
Kwenta USD,KWENTA-USD,2023-07-15,254.24966430664065,255.5295867919922,248.23651123046875,255.07557678222656,255.07557678222656,176690
Kwenta USD,KWENTA-USD,2023-07-16,255.08758544921875,255.39508056640625,245.33956909179688,246.1841583251953,246.1841583251953,125257
Kwenta USD,KWENTA-USD,2023-07-17,246.1493988037109,262.86944580078125,243.4576416015625,243.6649169921875,243.6649169921875,194379
Kwenta USD,KWENTA-USD,2023-07-18,243.6920318603516,245.97666931152344,222.80245971679688,223.1169891357422,223.1169891357422,148783
Kwenta USD,KWENTA-USD,2023-07-19,223.1292724609375,223.17446899414065,196.4654083251953,215.6031494140625,215.6031494140625,254185
Kwenta USD,KWENTA-USD,2023-07-20,215.6238708496093,217.6522827148437,201.8157958984375,204.4629669189453,204.4629669189453,201192
Kwenta USD,KWENTA-USD,2023-07-21,204.4911193847656,205.58062744140625,190.86587524414065,193.29879760742188,193.29879760742188,163936
Kwenta USD,KWENTA-USD,2023-07-22,193.35411071777344,193.35411071777344,164.90074157714844,173.6643524169922,173.6643524169922,172346
Kwenta USD,KWENTA-USD,2023-07-23,173.65257263183594,176.97315979003906,172.4019775390625,173.50759887695312,173.50759887695312,138605
Kwenta USD,KWENTA-USD,2023-07-24,173.51519775390625,176.0719757080078,170.9698944091797,171.2154083251953,171.2154083251953,147807
Kwenta USD,KWENTA-USD,2023-07-25,171.20838928222656,172.4646453857422,169.04298400878906,169.04298400878906,169.04298400878906,103449
Kwenta USD,KWENTA-USD,2023-07-26,169.03187561035156,169.37648010253906,157.69427490234375,163.5228271484375,163.5228271484375,132855
Kwenta USD,KWENTA-USD,2023-07-27,163.5577392578125,166.0013427734375,160.24526977539062,162.989013671875,162.989013671875,105297
Kwenta USD,KWENTA-USD,2023-07-28,163.0116424560547,165.16184997558594,160.43751525878906,163.61370849609375,163.61370849609375,110248
Kwenta USD,KWENTA-USD,2023-07-29,162.8101043701172,168.1625518798828,162.6425018310547,166.42498779296875,166.42498779296875,96641
Kwenta USD,KWENTA-USD,2023-07-30,166.4359130859375,171.1134796142578,156.8853302001953,158.10858154296875,158.10858154296875,143237
Kwenta USD,KWENTA-USD,2023-07-31,158.1216278076172,165.1211395263672,134.25027465820312,136.1990509033203,136.1990509033203,132710
Kwenta USD,KWENTA-USD,2023-08-01,136.2021484375,148.03875732421875,128.75706481933594,146.52442932128906,146.52442932128906,189897
Kwenta USD,KWENTA-USD,2023-08-02,146.48211669921875,146.77340698242188,132.3348388671875,141.4271697998047,141.4271697998047,139933
Kwenta USD,KWENTA-USD,2023-08-03,141.4271697998047,141.78314208984375,124.4013214111328,124.89508056640624,124.89508056640624,172924
Kwenta USD,KWENTA-USD,2023-08-04,124.90341186523438,125.50411224365234,114.16185760498048,114.80979919433594,114.80979919433594,177129
Kwenta USD,KWENTA-USD,2023-08-05,114.80953979492188,114.92466735839844,112.38455963134766,114.03721618652344,114.03721618652344,105687
Kwenta USD,KWENTA-USD,2023-08-06,114.0366668701172,114.05674743652344,108.6913833618164,110.46540832519533,110.46540832519533,111578
Kwenta USD,KWENTA-USD,2023-08-07,110.47940826416016,112.42108154296876,102.83650207519533,103.41715240478516,103.41715240478516,130577
Kwenta USD,KWENTA-USD,2023-08-08,103.40231323242188,110.4405517578125,103.36588287353516,109.66050720214844,109.66050720214844,118881
Kwenta USD,KWENTA-USD,2023-08-09,109.64486694335938,129.5294189453125,109.64486694335938,129.43057250976562,129.43057250976562,210809
Kwenta USD,KWENTA-USD,2023-08-10,129.4232177734375,129.4324493408203,126.00181579589844,127.19773864746094,127.19773864746094,129075
Kwenta USD,KWENTA-USD,2023-08-11,127.19527435302734,127.3165512084961,112.18643188476562,112.5005340576172,112.5005340576172,120075
Kwenta USD,KWENTA-USD,2023-08-12,112.4951629638672,113.93923950195312,111.0490951538086,113.92452239990234,113.92452239990234,152735
Kwenta USD,KWENTA-USD,2023-08-13,113.92262268066406,114.07022857666016,111.04835510253906,111.2995834350586,111.2995834350586,138879
Kwenta USD,KWENTA-USD,2023-08-14,111.30054473876952,112.61361694335938,110.5287628173828,110.63615417480467,110.63615417480467,141943
Kwenta USD,KWENTA-USD,2023-08-15,110.6174774169922,111.09030151367188,109.6897201538086,109.74884033203124,109.74884033203124,123519
Kwenta USD,KWENTA-USD,2023-08-16,109.7355499267578,109.75035095214844,105.80877685546876,106.17696380615234,106.17696380615234,137250
Kwenta USD,KWENTA-USD,2023-08-17,106.11727905273438,106.2229232788086,92.5757827758789,97.6767578125,97.6767578125,149809
Kwenta USD,KWENTA-USD,2023-08-18,97.6767578125,98.10826110839844,93.88824462890624,95.17200469970705,95.17200469970705,127220
Kwenta USD,KWENTA-USD,2023-08-19,95.17227935791016,97.69758605957033,94.33246612548828,96.9645538330078,96.9645538330078,93014
Kwenta USD,KWENTA-USD,2023-08-20,96.97502899169922,101.10525512695312,96.96085357666016,101.05201721191406,101.05201721191406,175943
Kwenta USD,KWENTA-USD,2023-08-21,101.04966735839844,101.31207275390624,98.5108413696289,99.03478240966795,99.03478240966795,107122
Kwenta USD,KWENTA-USD,2023-08-22,99.0400848388672,99.0527572631836,91.13133239746094,91.9572982788086,91.9572982788086,167611
Kwenta USD,KWENTA-USD,2023-08-23,91.9591293334961,95.75235748291016,91.75144958496094,93.3766098022461,93.3766098022461,128943
Kwenta USD,KWENTA-USD,2023-08-24,93.40081024169922,93.53369140625,91.8377456665039,92.65934753417967,92.65934753417967,77535
Kwenta USD,KWENTA-USD,2023-08-25,92.644287109375,92.94427490234376,90.62144470214844,91.5547332763672,91.5547332763672,83518
Kwenta USD,KWENTA-USD,2023-08-26,91.55455780029295,91.68488311767578,90.4633331298828,90.63477325439452,90.63477325439452,80347
Kwenta USD,KWENTA-USD,2023-08-27,90.63477325439452,91.24005126953124,90.33704376220705,91.14221954345705,91.14221954345705,92722
Kwenta USD,KWENTA-USD,2023-08-28,91.1408920288086,91.1781234741211,88.84698486328125,90.07061767578125,90.07061767578125,98931
Kwenta USD,KWENTA-USD,2023-08-29,90.0731201171875,96.2344207763672,89.13841247558594,95.36962127685548,95.36962127685548,92367
Kwenta USD,KWENTA-USD,2023-08-30,95.37496948242188,95.4830322265625,92.96822357177734,93.4240264892578,93.4240264892578,68636
Kwenta USD,KWENTA-USD,2023-08-31,93.42459106445312,93.55990600585938,84.5240478515625,85.13837432861328,85.13837432861328,140686
Kwenta USD,KWENTA-USD,2023-09-01,85.14356994628906,85.35411834716797,81.85533142089844,83.9549331665039,83.9549331665039,85591
Kwenta USD,KWENTA-USD,2023-09-02,83.97491455078125,84.07638549804688,82.38572692871094,82.74187469482422,82.74187469482422,70931
Kwenta USD,KWENTA-USD,2023-09-03,82.74848937988281,82.79447174072266,80.89293670654297,81.28227996826172,81.28227996826172,76629
Kwenta USD,KWENTA-USD,2023-09-04,81.28227233886719,81.70588684082031,80.2459945678711,80.81935119628906,80.81935119628906,75592
Kwenta USD,KWENTA-USD,2023-09-05,80.81053924560547,82.90797424316406,78.87510681152344,82.73628234863281,82.73628234863281,117099
Kwenta USD,KWENTA-USD,2023-09-06,82.73696899414062,83.87201690673828,81.76399230957031,82.7126693725586,82.7126693725586,70992
Kwenta USD,KWENTA-USD,2023-09-07,82.71588897705078,83.34596252441406,81.66284942626953,82.71287536621094,82.71287536621094,65535
Kwenta USD,KWENTA-USD,2023-09-08,82.73404693603516,83.34996032714844,81.52236938476562,82.37320709228516,82.37320709228516,60310
Kwenta USD,KWENTA-USD,2023-09-09,82.38021850585938,82.3901138305664,81.46662902832031,81.65404510498047,81.65404510498047,63661
Kwenta USD,KWENTA-USD,2023-09-10,81.64546966552734,81.65373229980469,80.13370513916016,80.70878601074219,80.70878601074219,73281
Kwenta USD,KWENTA-USD,2023-09-11,80.71098327636719,81.3840560913086,78.68866729736328,79.453857421875,79.453857421875,95482
Kwenta USD,KWENTA-USD,2023-09-12,79.50686645507812,81.98979187011719,76.55189514160156,76.60552215576172,76.60552215576172,111840
Kwenta USD,KWENTA-USD,2023-09-13,76.60897064208984,76.9448013305664,74.13117980957031,75.63084411621094,75.63084411621094,84192
Kwenta USD,KWENTA-USD,2023-09-14,75.62860870361328,76.7048110961914,72.91261291503906,73.03363037109375,73.03363037109375,89362
Kwenta USD,KWENTA-USD,2023-09-15,69.34259796142578,69.34259796142578,60.300086975097656,60.61521530151367,60.61521530151367,170103
Kwenta USD,KWENTA-USD,2023-09-16,56.13126373291016,58.21846771240234,55.84949493408203,58.11781311035156,58.11781311035156,73183
Kwenta USD,KWENTA-USD,2023-09-17,58.11773681640625,58.1704216003418,57.3258171081543,57.50115203857422,57.50115203857422,63129
Kwenta USD,KWENTA-USD,2023-09-18,57.60215759277344,65.93108367919922,57.19121551513672,63.96895599365234,63.96895599365234,117033
Kwenta USD,KWENTA-USD,2023-09-19,63.996490478515625,67.9210205078125,62.13063049316406,67.59931945800781,67.59931945800781,136597
Kwenta USD,KWENTA-USD,2023-09-20,67.5521469116211,68.20934295654297,64.31859588623047,65.01473999023438,65.01473999023438,85179
Kwenta USD,KWENTA-USD,2023-09-21,65.04212951660156,65.04212951660156,60.59280014038086,61.39988327026367,61.39988327026367,72937
Kwenta USD,KWENTA-USD,2023-09-24,66.48226928710938,66.56829833984375,66.45366668701172,66.50643920898438,66.50643920898438,80892
Kwenta USD,KWENTA-USD,2023-09-22,61.338623046875,65.9356689453125,61.15400314331055,65.37706756591797,65.37706756591797,96274
Kwenta USD,KWENTA-USD,2023-09-23,65.37706756591797,66.65525817871094,65.2811279296875,66.48228454589844,66.48228454589844,81930
Kwenta USD,KWENTA-USD,2023-09-25,65.06932067871094,66.87193298339844,64.72224426269531,66.47972106933594,66.47972106933594,74275
Kwenta USD,KWENTA-USD,2023-09-26,66.52149200439453,123.87297058105467,66.48612976074219,80.24722290039062,80.24722290039062,1290630
Kwenta USD,KWENTA-USD,2023-09-27,80.25533294677734,80.25533294677734,73.74441528320312,73.74945068359375,73.74945068359375,138697
Kwenta USD,KWENTA-USD,2023-09-28,74.05736541748047,75.50829315185547,72.9509048461914,75.36656188964844,75.36656188964844,125675
Kwenta USD,KWENTA-USD,2023-09-29,75.29840087890625,76.7945785522461,75.2400894165039,76.54106903076172,76.54106903076172,84675
Kwenta USD,KWENTA-USD,2023-09-30,76.77578735351562,102.38706970214844,76.77578735351562,96.02745056152344,96.02745056152344,470025
Kwenta USD,KWENTA-USD,2023-10-01,96.4005889892578,99.87618255615234,87.22150421142578,90.33470916748048,90.33470916748048,289646
Kwenta USD,KWENTA-USD,2023-10-02,91.3345184326172,94.12110137939452,86.55054473876953,92.19776153564452,92.19776153564452,289287
Kwenta USD,KWENTA-USD,2023-10-03,91.8369598388672,93.98281860351562,89.84673309326172,89.92013549804688,89.92013549804688,150983
Kwenta USD,KWENTA-USD,2023-10-04,88.49162292480469,95.88975524902344,85.3489761352539,92.26643371582033,92.26643371582033,295182
Kwenta USD,KWENTA-USD,2023-10-05,92.2848129272461,95.2522964477539,92.20053100585938,92.8687973022461,92.8687973022461,301557
Kwenta USD,KWENTA-USD,2023-10-06,84.71710205078125,90.13402557373048,82.35281372070312,87.40362548828125,87.40362548828125,318281
Kwenta USD,KWENTA-USD,2023-10-07,86.47821807861328,86.5487289428711,84.72093200683594,85.9371566772461,85.9371566772461,103533
Kwenta USD,KWENTA-USD,2023-10-08,85.95523071289062,86.06005096435547,83.34739685058594,84.20953369140625,84.20953369140625,123634
Kwenta USD,KWENTA-USD,2023-10-09,83.74601745605469,83.74601745605469,74.60662841796875,75.54278564453125,75.54278564453125,138535
