Name,Symbol,Date,Open,High,Low,Close,Adj Close,Volume
Me-in USD,MEIN-USD,2022-10-17,2.911525011062622,2.964740037918091,2.880512952804565,2.907601118087769,2.907601118087769,83830
Me-in USD,MEIN-USD,2022-10-18,2.9075989723205566,2.907955884933472,2.89856505393982,2.9075069427490234,2.9075069427490234,84965
Me-in USD,MEIN-USD,2022-10-19,2.907504081726074,2.908221960067749,2.9041810035705566,2.9073739051818848,2.9073739051818848,85431
Me-in USD,MEIN-USD,2022-10-20,2.907397985458374,2.9200921058654785,2.888896942138672,2.8995819091796875,2.8995819091796875,90287
Me-in USD,MEIN-USD,2022-10-21,2.899599075317383,2.9160780906677246,2.877094030380249,2.9117579460144043,2.9117579460144043,105537
Me-in USD,MEIN-USD,2022-10-22,2.911760091781616,2.9147961139678955,2.8988189697265625,2.9073479175567627,2.9073479175567627,80665
Me-in USD,MEIN-USD,2022-10-23,2.9072790145874023,2.9362590312957764,2.8893918991088867,2.9287240505218506,2.9287240505218506,71237
Me-in USD,MEIN-USD,2022-10-24,2.928705930709839,2.934109926223755,2.91212010383606,2.92236590385437,2.92236590385437,38209
Me-in USD,MEIN-USD,2022-10-25,2.9223339557647705,2.926429033279419,2.914623022079468,2.925107955932617,2.925107955932617,8612
Me-in USD,MEIN-USD,2022-10-26,2.92508602142334,2.9274370670318604,2.915769100189209,2.921880960464477,2.921880960464477,8582
Me-in USD,MEIN-USD,2022-10-27,2.9218950271606445,2.927165985107422,2.915255069732666,2.9220690727233887,2.9220690727233887,8611
Me-in USD,MEIN-USD,2022-10-28,2.922082901000977,2.926223039627075,2.9135549068450928,2.9250259399414062,2.9250259399414062,8582
Me-in USD,MEIN-USD,2022-10-29,2.925010919570923,2.927953004837036,2.9156200885772705,2.91855788230896,2.91855788230896,8402
Me-in USD,MEIN-USD,2022-10-30,2.91855788230896,2.9282710552215576,2.91593599319458,2.920022964477539,2.920022964477539,8552
Me-in USD,MEIN-USD,2022-10-31,2.920039892196656,2.926309108734131,2.91428804397583,2.9208459854125977,2.9208459854125977,8460
Me-in USD,MEIN-USD,2022-11-01,2.920871019363404,2.933845043182373,2.8931570053100586,2.912377119064331,2.912377119064331,8475
Me-in USD,MEIN-USD,2022-11-02,2.912359952926636,2.926002025604248,2.862010955810547,2.8669888973236084,2.8669888973236084,8546
Me-in USD,MEIN-USD,2022-11-03,2.8669400215148926,2.9572110176086426,2.8588850498199463,2.893318891525269,2.893318891525269,8621
Me-in USD,MEIN-USD,2022-11-04,2.893321990966797,2.93949294090271,2.879472017288208,2.9253220558166504,2.9253220558166504,8431
Me-in USD,MEIN-USD,2022-11-05,2.925321102142334,2.9424281120300293,2.874778985977173,2.9107449054718018,2.9107449054718018,8521
Me-in USD,MEIN-USD,2022-11-06,2.910753011703491,2.9477429389953613,2.875821113586426,2.90726089477539,2.90726089477539,8641
Me-in USD,MEIN-USD,2022-11-07,2.9072940349578857,2.949625015258789,2.847714900970459,2.9157729148864746,2.9157729148864746,8447
Me-in USD,MEIN-USD,2022-11-08,2.9157750606536865,2.965665102005005,2.837819099426269,2.920305013656616,2.920305013656616,8273
Me-in USD,MEIN-USD,2022-11-09,2.9203269481658936,2.977720022201538,2.8508429527282715,2.932789087295532,2.932789087295532,8118
Me-in USD,MEIN-USD,2022-11-10,2.93288803100586,2.967118978500366,2.8347420692443848,2.8829450607299805,2.8829450607299805,8143
Me-in USD,MEIN-USD,2022-11-11,2.882884979248047,2.963587045669556,2.853679895401001,2.909905910491944,2.909905910491944,8475
Me-in USD,MEIN-USD,2022-11-12,2.9098470211029053,2.957840919494629,2.8554129600524902,2.918255090713501,2.918255090713501,8479
Me-in USD,MEIN-USD,2022-11-13,2.91825795173645,2.9674649238586426,2.8525400161743164,2.9145660400390625,2.9145660400390625,8599
Me-in USD,MEIN-USD,2022-11-14,2.914552927017212,2.9555630683898926,2.8573319911956787,2.907428979873657,2.907428979873657,8392
Me-in USD,MEIN-USD,2022-11-15,2.9074509143829346,2.9625051021575928,2.842550039291382,2.9161601066589355,2.9161601066589355,8513
Me-in USD,MEIN-USD,2022-11-16,2.916177988052368,2.973362922668457,2.8619918823242188,2.9173479080200195,2.9173479080200195,8484
Me-in USD,MEIN-USD,2022-11-17,2.9173550605773926,2.9592509269714355,2.8578009605407715,2.9118568897247314,2.9118568897247314,8605
Me-in USD,MEIN-USD,2022-11-18,2.911840915679932,2.962862968444824,2.8494369983673096,2.908463954925537,2.908463954925537,8453
Me-in USD,MEIN-USD,2022-11-19,2.908499956130981,2.962033033370972,2.855146884918213,2.874116897583008,2.874116897583008,7134
Me-in USD,MEIN-USD,2022-11-20,2.8740720748901367,2.9607579708099365,2.8559019565582275,2.9061379432678223,2.9061379432678223,8662
Me-in USD,MEIN-USD,2022-11-21,2.906177043914795,2.960465908050537,2.849658966064453,2.935225009918213,2.935225009918213,8483
Me-in USD,MEIN-USD,2022-11-22,2.9351999759674072,2.965846061706543,2.856606960296631,2.889362096786499,2.889362096786499,8543
Me-in USD,MEIN-USD,2022-11-23,2.889389038085937,2.951824903488159,2.854664087295532,2.930937051773072,2.930937051773072,8603
Me-in USD,MEIN-USD,2022-11-24,2.930927991867065,2.9756579399108887,2.8620541095733643,2.9115140438079834,2.9115140438079834,8396
Me-in USD,MEIN-USD,2022-11-25,2.9114999771118164,2.969615936279297,2.844980001449585,2.919666051864624,2.919666051864624,8607
Me-in USD,MEIN-USD,2022-11-26,2.919665098190308,2.959666013717652,2.854245901107788,2.9108591079711914,2.9108591079711914,8517
Me-in USD,MEIN-USD,2022-11-27,2.910841941833496,2.9675889015197754,2.8480589389801025,2.9068470001220703,2.9068470001220703,8547
Me-in USD,MEIN-USD,2022-11-28,2.9068379402160645,2.9596779346466064,2.864777088165283,2.9329090118408203,2.9329090118408203,8578
Me-in USD,MEIN-USD,2022-11-29,2.9329099655151367,2.9680891036987305,2.8643898963928223,2.904956102371216,2.904956102371216,8548
Me-in USD,MEIN-USD,2022-11-30,2.9049229621887207,2.966618061065674,2.864674091339112,2.9253480434417725,2.9253480434417725,8641
Me-in USD,MEIN-USD,2022-12-01,2.925384044647217,2.9606869220733643,2.861509084701538,2.9073290824890137,2.9073290824890137,8521
Me-in USD,MEIN-USD,2022-12-02,2.907320976257324,2.9756650924682617,2.858880043029785,2.930588960647583,2.930588960647583,8551
Me-in USD,MEIN-USD,2022-12-03,2.930561065673828,2.966883897781372,2.8577029705047607,2.8989760875701904,2.8989760875701904,8581
Me-in USD,MEIN-USD,2022-12-04,2.898977041244507,2.969024896621704,2.8665809631347656,2.9181509017944336,2.9181509017944336,8642
Me-in USD,MEIN-USD,2022-12-05,2.918165922164917,2.971967935562134,2.866061925888061,2.9187591075897217,2.9187591075897217,8581
Me-in USD,MEIN-USD,2022-12-06,2.918823003768921,2.9742228984832764,2.8563039302825928,2.9317259788513184,2.9317259788513184,8581
Me-in USD,MEIN-USD,2022-12-07,2.931691884994507,2.9619300365448,2.8566830158233643,2.9048070907592773,2.9048070907592773,8520
Me-in USD,MEIN-USD,2022-12-08,2.904845952987671,2.9799959659576416,2.8614890575408936,2.90126895904541,2.90126895904541,8491
Me-in USD,MEIN-USD,2022-12-09,2.901249885559082,2.96512508392334,2.862468004226685,2.9113659858703613,2.9113659858703613,8581
Me-in USD,MEIN-USD,2022-12-10,2.911379098892212,2.9658069610595703,2.8578319549560547,2.9152328968048096,2.9152328968048096,8581
Me-in USD,MEIN-USD,2022-12-11,2.9151980876922607,2.9680891036987305,2.8576889038085938,2.908726930618286,2.908726930618286,8611
Me-in USD,MEIN-USD,2022-12-12,2.9087491035461426,2.982419967651367,2.865631103515625,2.9327139854431152,2.9327139854431152,8551
Me-in USD,MEIN-USD,2022-12-13,2.932724952697754,2.9687960147857666,2.881661891937256,2.930250883102417,2.930250883102417,8491
Me-in USD,MEIN-USD,2022-12-14,2.93028211593628,2.9831790924072266,2.88915491104126,2.938509941101074,2.938509941101074,8641
Me-in USD,MEIN-USD,2022-12-15,2.9385199546813965,2.989864110946656,2.837501049041748,2.889425039291382,2.889425039291382,8516
Me-in USD,MEIN-USD,2022-12-16,2.889421939849853,2.956559896469116,2.856157064437866,2.8849520683288574,2.8849520683288574,8552
Me-in USD,MEIN-USD,2022-12-17,2.884896993637085,2.948896884918213,2.8553659915924072,2.895364999771118,2.895364999771118,8672
Me-in USD,MEIN-USD,2022-12-18,2.895287036895752,2.9378740787506104,2.8512699604034424,2.895248889923096,2.895248889923096,8522
Me-in USD,MEIN-USD,2022-12-19,2.8952319622039795,2.948606014251709,2.8414878845214844,2.8973309993743896,2.8973309993743896,8641
Me-in USD,MEIN-USD,2022-12-20,2.8973090648651123,2.9520680904388428,2.8565480709075928,2.9325311183929443,2.9325311183929443,9271
Me-in USD,MEIN-USD,2022-12-21,2.932482957839966,2.938556909561157,2.8589060306549072,2.8958230018615723,2.8958230018615723,8611
Me-in USD,MEIN-USD,2022-12-22,2.895829916000366,2.941072940826416,2.8498899936676025,2.885232925415039,2.885232925415039,8550
Me-in USD,MEIN-USD,2022-12-23,2.885206937789917,2.942202091217041,2.8551979064941406,2.9009439945220947,2.9009439945220947,8550
Me-in USD,MEIN-USD,2022-12-24,2.9009439945220947,2.946049928665161,2.863861083984375,2.897978067398072,2.897978067398072,8580
Me-in USD,MEIN-USD,2022-12-25,2.897969007492065,2.946197032928467,2.8555378913879395,2.906832933425904,2.906832933425904,8610
Me-in USD,MEIN-USD,2022-12-26,2.906809091567993,2.940376043319702,2.8380489349365234,2.914285898208618,2.914285898208618,8640
Me-in USD,MEIN-USD,2022-12-27,2.914194107055664,2.94740891456604,2.860872983932495,2.888767957687378,2.888767957687378,8579
Me-in USD,MEIN-USD,2022-12-28,2.888780117034912,2.9390718936920166,2.8513200283050537,2.896289110183716,2.896289110183716,8578
Me-in USD,MEIN-USD,2022-12-29,2.896270036697388,2.9446470737457275,2.85775089263916,2.886635065078736,2.886635065078736,8548
Me-in USD,MEIN-USD,2022-12-30,2.8866240978240967,2.941646099090576,2.848450899124145,2.9262020587921143,2.9262020587921143,8757
Me-in USD,MEIN-USD,2022-12-31,2.926232099533081,2.9374499320983887,2.8467729091644287,2.8719630241394043,2.8719630241394043,8578
Me-in USD,MEIN-USD,2023-01-01,2.8719799518585205,2.955261945724488,2.8577799797058105,2.870714902877808,2.870714902877808,8578
Me-in USD,MEIN-USD,2023-01-02,2.8707029819488525,2.938978910446167,2.8404550552368164,2.916332960128784,2.916332960128784,8549
Me-in USD,MEIN-USD,2023-01-03,2.916368007659912,2.944267988204956,2.8544609546661377,2.9154980182647705,2.9154980182647705,8639
Me-in USD,MEIN-USD,2023-01-04,2.915473937988281,2.9495980739593506,2.861020088195801,2.891912937164306,2.891912937164306,8608
Me-in USD,MEIN-USD,2023-01-05,2.891887903213501,2.9455699920654297,2.863962888717652,2.8968210220336914,2.8968210220336914,8548
Me-in USD,MEIN-USD,2023-01-06,2.8968610763549805,2.94031310081482,2.8604400157928467,2.9053380489349365,2.9053380489349365,8608
Me-in USD,MEIN-USD,2023-01-07,2.9053220748901367,2.933072090148926,2.8509340286254883,2.91869592666626,2.91869592666626,8609
Me-in USD,MEIN-USD,2023-01-08,2.918694972991944,2.9452600479125977,2.848294973373413,2.917073965072632,2.917073965072632,8550
Me-in USD,MEIN-USD,2023-01-09,2.9170379638671875,2.950340986251831,2.8629589080810547,2.917298078536988,2.917298078536988,8280
Me-in USD,MEIN-USD,2023-01-10,2.9172909259796143,2.9557809829711914,2.8628621101379395,2.90408992767334,2.90408992767334,8581
Me-in USD,MEIN-USD,2023-01-11,2.90407395362854,2.941787004470825,2.866323947906494,2.915954113006592,2.915954113006592,8550
Me-in USD,MEIN-USD,2023-01-12,2.894476890563965,2.939495086669922,2.8534090518951416,2.8984670639038086,2.8984670639038086,8491
Me-in USD,MEIN-USD,2023-01-13,2.898550033569336,2.9367260932922363,2.8605101108551025,2.901120901107788,2.901120901107788,8552
Me-in USD,MEIN-USD,2023-01-14,2.901099920272827,2.9383299350738525,2.857614040374756,2.902656078338623,2.902656078338623,8132
Me-in USD,MEIN-USD,2023-01-15,2.902617931365967,2.9577078819274902,2.861618995666504,2.875472068786621,2.875472068786621,8554
Me-in USD,MEIN-USD,2023-01-16,2.875401020050049,2.953881025314331,2.8575150966644287,2.9128670692443848,2.9128670692443848,8521
Me-in USD,MEIN-USD,2023-01-17,2.9128780364990234,2.934900999069214,0.289337009191513,0.2894299924373626,0.2894299924373626,80101
Me-in USD,MEIN-USD,2023-01-18,0.2894310057163238,0.2924529910087585,0.2852160036563873,0.2872970104217529,0.2872970104217529,82046
Me-in USD,MEIN-USD,2023-01-19,0.2872970104217529,0.2902959883213043,0.2870010137557983,0.289806991815567,0.289806991815567,100407
Me-in USD,MEIN-USD,2023-01-20,0.2898020148277282,0.3009600043296814,0.2888979911804199,0.3005540072917938,0.3005540072917938,98937
Me-in USD,MEIN-USD,2023-01-21,0.3005549907684326,0.3072740137577057,0.2990530133247375,0.3030659854412079,0.3030659854412079,99864
Me-in USD,MEIN-USD,2023-01-22,0.3030680119991302,0.3059580028057098,0.3014439940452575,0.3014709949493408,0.3014709949493408,68516
Me-in USD,MEIN-USD,2023-01-23,0.3014659881591797,0.3040359914302826,0.3014279901981354,0.3025619983673095,0.3025619983673095,391
Me-in USD,MEIN-USD,2023-01-24,0.3025610148906708,0.3025990128517151,0.3004390001296997,0.3004390001296997,0.3004390001296997,401
Me-in USD,MEIN-USD,2023-01-25,0.3004390001296997,0.3007619976997375,0.2986299991607666,0.2995530068874359,0.2995530068874359,6731
Me-in USD,MEIN-USD,2023-01-26,0.299558013677597,0.2995809912681579,0.2995170056819916,0.2995240092277527,0.2995240092277527,0
Me-in USD,MEIN-USD,2023-01-27,0.2995260059833526,0.2995840013027191,0.2995170056819916,0.2995539903640747,0.2995539903640747,0
Me-in USD,MEIN-USD,2023-01-28,0.2995530068874359,0.299587994813919,0.2995389997959137,0.299558013677597,0.299558013677597,0
Me-in USD,MEIN-USD,2023-01-29,0.2995609939098358,0.2995930016040802,0.2995269894599914,0.2995299994945526,0.2995299994945526,0
Me-in USD,MEIN-USD,2023-01-30,0.2995269894599914,0.3047339916229248,0.2995109856128692,0.3044289946556091,0.3044289946556091,4510
Me-in USD,MEIN-USD,2023-01-31,0.3044250011444092,0.3068270087242126,0.3025150001049042,0.3045360147953033,0.3045360147953033,65995
Me-in USD,MEIN-USD,2023-02-01,0.3045420050621032,0.3081470131874084,0.3024230003356933,0.307229995727539,0.307229995727539,46996
Me-in USD,MEIN-USD,2023-02-02,0.3072269856929779,0.3099560141563415,0.3036690056324005,0.3043429851531982,0.3043429851531982,64827
Me-in USD,MEIN-USD,2023-02-03,0.3043429851531982,0.304654985666275,0.3017379939556122,0.3030399978160858,0.3030399978160858,40640
Me-in USD,MEIN-USD,2023-02-04,0.3030369877815246,0.3033420145511627,0.3015309870243072,0.301829993724823,0.301829993724823,48233
Me-in USD,MEIN-USD,2023-02-05,0.301827996969223,0.3025610148906708,0.2994590103626251,0.2998589873313904,0.2998589873313904,48039
Me-in USD,MEIN-USD,2023-02-06,0.2998630106449127,0.3017500042915344,0.2986559867858886,0.3005309998989105,0.3005309998989105,46631
Me-in USD,MEIN-USD,2023-02-07,0.3005290031433105,0.301826000213623,0.2993490099906921,0.3017230033874511,0.3017230033874511,46989
Me-in USD,MEIN-USD,2023-02-08,0.3017260134220123,0.3025319874286651,0.299234002828598,0.3001390099525451,0.3001390099525451,47462
Me-in USD,MEIN-USD,2023-02-09,0.3001390099525451,0.301142007112503,0.2966389954090118,0.2967469990253448,0.2967469990253448,48625
Me-in USD,MEIN-USD,2023-02-10,0.2967459857463836,0.2979640066623688,0.2957629859447479,0.2976459860801697,0.2976459860801697,43796
Me-in USD,MEIN-USD,2023-02-11,0.297663003206253,0.2988469898700714,0.2969299852848053,0.2986490130424499,0.2986490130424499,43631
Me-in USD,MEIN-USD,2023-02-12,0.2986440062522888,0.2991620004177093,0.2976450026035309,0.2981629967689514,0.2981629967689514,43617
Me-in USD,MEIN-USD,2023-02-13,0.2981629967689514,0.2989850044250488,0.2966690063476562,0.2976770102977752,0.2976770102977752,42351
Me-in USD,MEIN-USD,2023-02-14,0.2976750135421753,0.3005259931087494,0.2967019975185394,0.2994210124015808,0.2994210124015808,39030
Me-in USD,MEIN-USD,2023-02-15,0.2994210124015808,0.2999289929866791,0.2954530119895935,0.298565000295639,0.298565000295639,18473
Me-in USD,MEIN-USD,2023-02-16,0.298566997051239,0.3028759956359863,0.2960540056228637,0.2962479889392853,0.2962479889392853,41879
Me-in USD,MEIN-USD,2023-02-17,0.2962479889392853,0.3020580112934112,0.2954579889774322,0.3000659942626953,0.3000659942626953,40533
Me-in USD,MEIN-USD,2023-02-18,0.3000639975070953,0.3022710084915161,0.299481987953186,0.3006550073623657,0.3006550073623657,38891
Me-in USD,MEIN-USD,2023-02-19,0.3006539940834045,0.3042719960212707,0.2997690141201019,0.2998709976673126,0.2998709976673126,34720
Me-in USD,MEIN-USD,2023-02-20,0.2998740077018738,0.3023540079593658,0.2985720038414001,0.2994560003280639,0.2994560003280639,9510
Me-in USD,MEIN-USD,2023-02-21,0.299454003572464,0.3023490011692047,0.2993490099906921,0.3005400002002716,0.3005400002002716,13097
Me-in USD,MEIN-USD,2023-02-22,0.3005439937114715,0.3016450107097626,0.2981419861316681,0.3015300035476684,0.3015300035476684,10761
Me-in USD,MEIN-USD,2023-02-23,0.3015289902687073,0.3025299906730652,0.2989389896392822,0.3007369935512543,0.3007369935512543,9099
Me-in USD,MEIN-USD,2023-02-24,0.3007349967956543,0.3023439943790436,0.2977269887924194,0.3000209927558899,0.3000209927558899,8651
Me-in USD,MEIN-USD,2023-02-25,0.3000220060348511,0.3003250062465668,0.2975209951400757,0.3001399934291839,0.3001399934291839,10348
Me-in USD,MEIN-USD,2023-02-26,0.3001399934291839,0.3026280105113983,0.2985189855098724,0.2997260093688965,0.2997260093688965,8944
Me-in USD,MEIN-USD,2023-02-27,0.2997240126132965,0.3021399974822998,0.2990230023860931,0.3001520037651062,0.3001520037651062,8461
Me-in USD,MEIN-USD,2023-02-28,0.3001419901847839,0.3029380142688751,0.2988390028476715,0.3018459975719452,0.3018459975719452,8371
Me-in USD,MEIN-USD,2023-03-01,0.3018510043621063,0.3038580119609833,0.2988489866256714,0.3010430037975311,0.3010430037975311,8402
Me-in USD,MEIN-USD,2023-03-02,0.3010399937629699,0.3025540113449096,0.299019992351532,0.2994270026683807,0.2994270026683807,8221
Me-in USD,MEIN-USD,2023-03-03,0.2994250059127807,0.301142007112503,0.2949329912662506,0.2958300113677978,0.2958300113677978,19228
Me-in USD,MEIN-USD,2023-03-04,0.2958289980888366,0.2976639866828918,0.2944270074367523,0.2961339950561523,0.2961339950561523,8341
Me-in USD,MEIN-USD,2023-03-05,0.2961350083351135,0.2985340058803558,0.2951419949531555,0.2971319854259491,0.2971319854259491,8641
Me-in USD,MEIN-USD,2023-03-06,0.2971290051937103,0.2985199987888336,0.2953220009803772,0.2961030006408691,0.2961030006408691,8400
Me-in USD,MEIN-USD,2023-03-07,0.2961049973964691,0.2984029948711395,0.2952010035514831,0.2969039976596832,0.2969039976596832,8370
Me-in USD,MEIN-USD,2023-03-08,0.2969050109386444,0.2980020046234131,0.2950989902019501,0.2958019971847534,0.2958019971847534,27138
Me-in USD,MEIN-USD,2023-03-09,0.2958019971847534,0.2966960072517395,0.2884860038757324,0.2885960042476654,0.2885960042476654,41600
Me-in USD,MEIN-USD,2023-03-10,0.2885940074920654,0.2900499999523163,0.2848719954490661,0.2898809909820556,0.2898809909820556,41519
Me-in USD,MEIN-USD,2023-03-11,0.2898739874362945,0.3003869950771332,0.2884910106658935,0.2940819859504699,0.2940819859504699,41069
Me-in USD,MEIN-USD,2023-03-12,0.2940349876880646,0.301156997680664,0.2925620079040527,0.3010300099849701,0.3010300099849701,40577
Me-in USD,MEIN-USD,2023-03-13,0.3010410070419311,0.3107559978961944,0.2986220121383667,0.3083989918231964,0.3083989918231964,40947
Me-in USD,MEIN-USD,2023-03-14,0.3083919882774353,0.3189840018749237,0.3082740008831024,0.3122200071811676,0.3122200071811676,40966
Me-in USD,MEIN-USD,2023-03-15,0.3122079968452453,0.3163830041885376,0.3101980090141296,0.3124800026416778,0.3124800026416778,40800
Me-in USD,MEIN-USD,2023-03-16,0.3124929964542389,0.3149330019950866,0.3107860088348388,0.3128809928894043,0.3128809928894043,41220
Me-in USD,MEIN-USD,2023-03-17,0.3128699958324432,0.3248949944972992,0.3125579953193664,0.3231129944324493,0.3231129944324493,40197
Me-in USD,MEIN-USD,2023-03-18,0.3230969905853271,0.3254530131816864,0.3222610056400299,0.3230830132961273,0.3230830132961273,41661
Me-in USD,MEIN-USD,2023-03-19,0.3230800032615661,0.3291940093040466,0.3222129940986633,0.32846400141716,0.32846400141716,41145
Me-in USD,MEIN-USD,2023-03-20,0.32846200466156,0.3299390077590942,0.3243939876556396,0.3277049958705902,0.3277049958705902,40060
Me-in USD,MEIN-USD,2023-03-21,0.3277229964733124,0.3296830058097839,0.3249549865722656,0.3275890052318573,0.3275890052318573,41336
Me-in USD,MEIN-USD,2023-03-22,0.3275929987430572,0.330962985754013,0.3232170045375824,0.3254899978637695,0.3254899978637695,41196
Me-in USD,MEIN-USD,2023-03-23,0.3254700005054474,0.3261969983577728,0.0515910014510154,0.0905949994921684,0.0905949994921684,15352
Me-in USD,MEIN-USD,2023-03-24,0.0905980020761489,0.1151209995150566,0.0732669979333877,0.11404799669981,0.11404799669981,36435
Me-in USD,MEIN-USD,2023-03-25,0.1140490025281906,0.1461289972066879,0.1130189970135688,0.1415140032768249,0.1415140032768249,51658
Me-in USD,MEIN-USD,2023-03-26,0.1415150016546249,0.1829629987478256,0.1413210034370422,0.1826429963111877,0.1826429963111877,43091
Me-in USD,MEIN-USD,2023-03-27,0.1826449930667877,0.1988770067691803,0.1764519959688186,0.1834409981966018,0.1834409981966018,47589
Me-in USD,MEIN-USD,2023-03-28,0.1834399998188018,0.2152979969978332,0.1803649961948394,0.2058710008859634,0.2058710008859634,45973
Me-in USD,MEIN-USD,2023-03-29,0.2058629989624023,0.2460310012102127,0.2053920030593872,0.233021005988121,0.233021005988121,45883
Me-in USD,MEIN-USD,2023-03-30,0.233024001121521,0.2473420053720474,0.2215899974107742,0.2403409928083419,0.2403409928083419,44094
Me-in USD,MEIN-USD,2023-03-31,0.2403440028429031,0.2571679949760437,0.2354770004749298,0.240678995847702,0.240678995847702,44843
Me-in USD,MEIN-USD,2023-04-01,0.240675002336502,0.2765550017356872,0.2313870042562484,0.2645559906959533,0.2645559906959533,45097
Me-in USD,MEIN-USD,2023-04-02,0.2718960046768188,0.2747519910335541,0.2496819943189621,0.2536549866199493,0.2536549866199493,45819
Me-in USD,MEIN-USD,2023-04-03,0.2536509931087494,0.2765640020370483,0.2415290027856826,0.2750990092754364,0.2750990092754364,45413
Me-in USD,MEIN-USD,2023-04-04,0.275094985961914,0.2925550043582916,0.2632389962673187,0.286076009273529,0.286076009273529,46217
Me-in USD,MEIN-USD,2023-04-05,0.2860719859600067,0.2882980108261108,0.2388499975204467,0.26630899310112,0.26630899310112,46385
Me-in USD,MEIN-USD,2023-04-06,0.266319990158081,0.283035010099411,0.256399005651474,0.273618996143341,0.273618996143341,45224
Me-in USD,MEIN-USD,2023-04-07,0.27360400557518,0.2741929888725281,0.2710939943790436,0.2720870077610016,0.2720870077610016,42480
Me-in USD,MEIN-USD,2023-04-08,0.2720800042152405,0.2741329967975616,0.2714110016822815,0.2730309963226318,0.2730309963226318,38319
Me-in USD,MEIN-USD,2023-04-09,0.2730390131473541,0.2787899971008301,0.2730390131473541,0.2773230075836181,0.2773230075836181,42743
Me-in USD,MEIN-USD,2023-04-10,0.2773289978504181,0.2886529862880707,0.2765089869499206,0.2871580123901367,0.2871580123901367,40995
Me-in USD,MEIN-USD,2023-04-11,0.2871719896793365,0.2924410104751587,0.2871719896793365,0.2918429970741272,0.2918429970741272,41021
Me-in USD,MEIN-USD,2023-04-12,0.2918539941310882,0.2931509912014007,0.2889919877052307,0.289337009191513,0.289337009191513,8257
Me-in USD,MEIN-USD,2023-04-13,0.2899489998817444,0.2905209958553314,0.2892450094223022,0.2897030115127563,0.2897030115127563,8288
Me-in USD,MEIN-USD,2023-04-14,0.2897180020809173,0.2903450131416321,0.2865850031375885,0.2876569926738739,0.2876569926738739,20791
Me-in USD,MEIN-USD,2023-04-15,0.2876589894294739,0.2903139889240265,0.2876589894294739,0.2893480062484741,0.2893480062484741,42482
Me-in USD,MEIN-USD,2023-04-16,0.2893449962139129,0.2908059954643249,0.2875089943408966,0.287645012140274,0.287645012140274,42577
Me-in USD,MEIN-USD,2023-04-17,0.287647008895874,0.288455992937088,0.2835110127925873,0.2858679890632629,0.2858679890632629,42039
Me-in USD,MEIN-USD,2023-04-18,0.285858005285263,0.2939760088920593,0.2839779853820801,0.2931120097637176,0.2931120097637176,41199
Me-in USD,MEIN-USD,2023-04-19,0.2931169867515564,0.2936039865016937,0.2836390137672424,0.2845979928970337,0.2845979928970337,43272
Me-in USD,MEIN-USD,2023-04-20,0.2845990061759949,0.2861039936542511,0.2801490128040313,0.2808330059051513,0.2808330059051513,40860
Me-in USD,MEIN-USD,2023-04-21,0.2808319926261902,0.2819330096244812,0.2726599872112274,0.2743360102176666,0.2743360102176666,42151
Me-in USD,MEIN-USD,2023-04-22,0.2743409872055053,0.2790490090847015,0.2727859914302826,0.2781339883804321,0.2781339883804321,42484
Me-in USD,MEIN-USD,2023-04-23,0.2781330049037933,0.282819002866745,0.2754470109939575,0.2826839983463287,0.2826839983463287,42188
Me-in USD,MEIN-USD,2023-04-24,0.2826949954032898,0.2856740057468414,0.2794040143489837,0.2829459905624389,0.2829459905624389,40817
Me-in USD,MEIN-USD,2023-04-25,0.2829470038414001,0.2883839905261993,0.2795229852199554,0.2878229916095733,0.2878229916095733,41172
Me-in USD,MEIN-USD,2023-04-26,0.2878260016441345,0.2980299890041351,0.2819859981536865,0.2880150079727173,0.2880150079727173,40010
Me-in USD,MEIN-USD,2023-04-27,0.2880130112171173,0.2991850078105926,0.2878729999065399,0.2969500124454498,0.2969500124454498,40033
Me-in USD,MEIN-USD,2023-04-28,0.2969520092010498,0.2981660068035126,0.2943939864635467,0.2962270081043243,0.2962270081043243,41416
Me-in USD,MEIN-USD,2023-04-29,0.2962409853935241,0.2979559898376465,0.2943130135536194,0.2961690127849579,0.2961690127849579,42646
Me-in USD,MEIN-USD,2023-04-30,0.2961629927158355,0.301840990781784,0.2948389947414398,0.2975209951400757,0.2975209951400757,41857
Me-in USD,MEIN-USD,2023-05-01,0.2975189983844757,0.2976369857788086,0.2863599956035614,0.2882919907569885,0.2882919907569885,42564
Me-in USD,MEIN-USD,2023-05-02,0.2883000075817108,0.2935520112514496,0.2856959998607635,0.2920080125331878,0.2920080125331878,39695
Me-in USD,MEIN-USD,2023-05-03,0.2920199930667877,0.2966170012950897,0.2886300086975097,0.2950969934463501,0.2950969934463501,40091
Me-in USD,MEIN-USD,2023-05-04,0.2950960099697113,0.2973400056362152,0.292382001876831,0.2938680052757263,0.2938680052757263,41209
Me-in USD,MEIN-USD,2023-05-05,0.2938640117645263,0.2976160049438476,0.2927280068397522,0.2962070107460022,0.2962070107460022,42296
Me-in USD,MEIN-USD,2023-05-06,0.2961960136890411,0.2983630001544952,0.2896339893341064,0.2921459972858429,0.2921459972858429,41980
Me-in USD,MEIN-USD,2023-05-07,0.292149007320404,0.2938860058784485,0.2897840142250061,0.289804995059967,0.289804995059967,41041
Me-in USD,MEIN-USD,2023-05-08,0.2897979915142059,0.2915619909763336,0.2817679941654205,0.2828919887542724,0.2828919887542724,42716
Me-in USD,MEIN-USD,2023-05-09,0.2828930020332336,0.2847729921340942,0.2800959944725036,0.282256007194519,0.282256007194519,40965
Me-in USD,MEIN-USD,2023-05-10,0.2822670042514801,0.2874720096588135,0.275272011756897,0.2786130011081695,0.2786130011081695,40996
Me-in USD,MEIN-USD,2023-05-11,0.2786299884319305,0.2789050042629242,0.2730480134487152,0.2743479907512665,0.2743479907512665,40647
Me-in USD,MEIN-USD,2023-05-12,0.2743490040302276,0.2747490108013153,0.2667500078678131,0.2734920084476471,0.2734920084476471,40946
Me-in USD,MEIN-USD,2023-05-13,0.2734760046005249,0.2751800119876861,0.2721210122108459,0.2738279998302459,0.2738279998302459,41746
Me-in USD,MEIN-USD,2023-05-14,0.2738229930400848,0.2773729860782623,0.2371280044317245,0.2568289935588836,0.2568289935588836,48942
Me-in USD,MEIN-USD,2023-05-15,0.2568170130252838,0.2625960111618042,0.1985619962215423,0.2189279943704605,0.2189279943704605,55807
Me-in USD,MEIN-USD,2023-05-16,0.2189269959926605,0.2442519962787628,0.2014600038528442,0.2146179974079132,0.2146179974079132,55914
Me-in USD,MEIN-USD,2023-05-17,0.2146169990301132,0.224821999669075,0.1809069961309433,0.2026370018720626,0.2026370018720626,39987
Me-in USD,MEIN-USD,2023-05-18,0.2026370018720626,0.2133300006389618,0.1710010021924972,0.1831880062818527,0.1831880062818527,30511
Me-in USD,MEIN-USD,2023-05-19,0.1831970065832138,0.199413001537323,0.1508210003376007,0.177839994430542,0.177839994430542,31180
Me-in USD,MEIN-USD,2023-05-20,0.1778420060873031,0.1869570016860962,0.1575569957494735,0.1708820015192031,0.1708820015192031,31130
Me-in USD,MEIN-USD,2023-05-21,0.1708790063858032,0.1822949945926666,0.1552670001983642,0.1600479930639267,0.1600479930639267,30689
Me-in USD,MEIN-USD,2023-05-22,0.1600420027971267,0.1950380057096481,0.1600420027971267,0.17985799908638,0.17985799908638,32323
Me-in USD,MEIN-USD,2023-05-23,0.17985799908638,0.1912360042333603,0.161529004573822,0.1783220022916793,0.1783220022916793,33161
Me-in USD,MEIN-USD,2023-05-24,0.1783259958028793,0.200882002711296,0.1607179939746856,0.1766870021820068,0.1766870021820068,31361
Me-in USD,MEIN-USD,2023-05-25,0.1766790002584457,0.1990250051021576,0.1495890021324157,0.1628230065107345,0.1628230065107345,30223
Me-in USD,MEIN-USD,2023-05-26,0.1628230065107345,0.1826000064611435,0.1484549939632415,0.1693630069494247,0.1693630069494247,31712
Me-in USD,MEIN-USD,2023-05-27,0.1693609952926635,0.1696780025959015,0.1361380070447921,0.1545909941196441,0.1545909941196441,31855
Me-in USD,MEIN-USD,2023-05-28,0.1545870006084442,0.1688030064105987,0.1347540020942688,0.1470319926738739,0.1470319926738739,29709
Me-in USD,MEIN-USD,2023-05-29,0.1470530033111572,0.1789280027151107,0.1457200050354004,0.1622360050678253,0.1622360050678253,24983
Me-in USD,MEIN-USD,2023-05-30,0.1622440069913864,0.1626709997653961,0.1618169993162155,0.1623550057411193,0.1623550057411193,8342
Me-in USD,MEIN-USD,2023-05-31,0.1623580008745193,0.1625719964504242,0.1619109958410263,0.1621730029582977,0.1621730029582977,7862
Me-in USD,MEIN-USD,2023-06-01,0.1621730029582977,0.1626510024070739,0.1619160026311874,0.1624370068311691,0.1624370068311691,7801
Me-in USD,MEIN-USD,2023-06-02,0.1624349951744079,0.1627449989318847,0.1619620025157928,0.1622679978609085,0.1622679978609085,7863
Me-in USD,MEIN-USD,2023-06-03,0.1622669994831085,0.1626520007848739,0.1619540005922317,0.162318006157875,0.162318006157875,7892
Me-in USD,MEIN-USD,2023-06-04,0.162322998046875,0.1625729948282241,0.1619359999895095,0.1623390018939972,0.1623390018939972,7799
Me-in USD,MEIN-USD,2023-06-05,0.1623429954051971,0.1626259982585907,0.1619769930839538,0.1624619960784912,0.1624619960784912,7833
Me-in USD,MEIN-USD,2023-06-06,0.1624570041894912,0.1626510024070739,0.1619359999895095,0.1626340001821518,0.1626340001821518,7861
Me-in USD,MEIN-USD,2023-06-07,0.1626300066709518,0.162661001086235,0.1619070023298263,0.1624089926481247,0.1624089926481247,7831
Me-in USD,MEIN-USD,2023-06-08,0.1624130010604858,0.1625809967517852,0.161980003118515,0.1622489988803863,0.1622489988803863,7862
Me-in USD,MEIN-USD,2023-06-09,0.1622489988803863,0.1626400053501129,0.1618880033493042,0.1623069941997528,0.1623069941997528,7800
Me-in USD,MEIN-USD,2023-06-10,0.1623069941997528,0.1626839935779571,0.1616010069847107,0.1621779948472976,0.1621779948472976,7834
Me-in USD,MEIN-USD,2023-06-11,0.1621820032596588,0.162663996219635,0.1619690060615539,0.1621309965848922,0.1621309965848922,7864
Me-in USD,MEIN-USD,2023-06-12,0.1621319949626922,0.1626670062541961,0.1619679927825927,0.1620910018682479,0.1620910018682479,7800
Me-in USD,MEIN-USD,2023-06-13,0.1620970070362091,0.1627340018749237,0.1618279963731765,0.1621669977903366,0.1621669977903366,7859
Me-in USD,MEIN-USD,2023-06-14,0.1621669977903366,0.1626109927892685,0.161759003996849,0.1623589992523193,0.1623589992523193,7857
Me-in USD,MEIN-USD,2023-06-15,0.1623589992523193,0.162552997469902,0.1614570021629333,0.1620669960975647,0.1620669960975647,7854
Me-in USD,MEIN-USD,2023-06-16,0.1620659977197647,0.1623950004577636,0.1617169976234436,0.1622000038623809,0.1622000038623809,7856
Me-in USD,MEIN-USD,2023-06-17,0.1622000038623809,0.1626020073890686,0.1618079990148544,0.1621599942445755,0.1621599942445755,7828
Me-in USD,MEIN-USD,2023-06-18,0.1621540039777755,0.1625050008296966,0.1618050038814544,0.1622650027275085,0.1622650027275085,7829
Me-in USD,MEIN-USD,2023-06-19,0.1622679978609085,0.1626880019903183,0.1618629992008209,0.1621759980916977,0.1621759980916977,7859
Me-in USD,MEIN-USD,2023-06-20,0.1621440052986145,0.1627169996500015,0.1618430018424987,0.1624789983034134,0.1624789983034134,8613
Me-in USD,MEIN-USD,2023-06-21,0.1624760031700134,0.1627330034971237,0.1618890017271042,0.1625140011310577,0.1625140011310577,7832
Me-in USD,MEIN-USD,2023-06-22,0.1625010073184967,0.1626159995794296,0.1619299948215484,0.1622270047664642,0.1622270047664642,7831
Me-in USD,MEIN-USD,2023-06-23,0.1622429937124252,0.1626829952001571,0.1620209962129593,0.1625030040740966,0.1625030040740966,7865
Me-in USD,MEIN-USD,2023-06-24,0.1625030040740966,0.1626279950141906,0.1620389968156814,0.1620599925518036,0.1620599925518036,7834
Me-in USD,MEIN-USD,2023-06-25,0.1620710045099258,0.1626850068569183,0.1620209962129593,0.1623650044202804,0.1623650044202804,7864
Me-in USD,MEIN-USD,2023-06-26,0.1623570024967193,0.1626099944114685,0.161763995885849,0.162319004535675,0.162319004535675,7860
Me-in USD,MEIN-USD,2023-06-27,0.162321999669075,0.1626690030097961,0.1619009971618652,0.1625330001115799,0.1625330001115799,7861
Me-in USD,MEIN-USD,2023-06-28,0.1625320017337799,0.162649005651474,0.1619870066642761,0.1621720045804977,0.1621720045804977,7829
Me-in USD,MEIN-USD,2023-06-29,0.1621789932250976,0.1626179963350296,0.1619590073823928,0.1620949953794479,0.1620949953794479,7859
Me-in USD,MEIN-USD,2023-06-30,0.162089005112648,0.1625349968671798,0.1614940017461776,0.1620859950780868,0.1620859950780868,0
Me-in USD,MEIN-USD,2023-07-01,0.1620859950780868,0.162551999092102,0.1619579941034317,0.1622990071773529,0.1622990071773529,7859
Me-in USD,MEIN-USD,2023-07-02,0.1622979938983917,0.1625960022211074,0.161749005317688,0.162104994058609,0.162104994058609,7770
Me-in USD,MEIN-USD,2023-07-03,0.1620980054140091,0.1627259999513626,0.1598159968852996,0.1612080037593841,0.1612080037593841,10180
Me-in USD,MEIN-USD,2023-07-04,0.161203995347023,0.1618430018424987,0.1578769981861114,0.1587499976158142,0.1587499976158142,7999
Me-in USD,MEIN-USD,2023-07-05,0.1587799936532974,0.1596360057592392,0.1397919952869415,0.1487019956111908,0.1487019956111908,3120
Me-in USD,MEIN-USD,2023-07-06,0.1487019956111908,0.1511130034923553,0.0710970014333725,0.071393996477127,0.071393996477127,8579
Me-in USD,MEIN-USD,2023-07-07,0.0713889971375465,0.1083210036158561,0.0358050018548965,0.0358050018548965,0.0358050018548965,7861
Me-in USD,MEIN-USD,2023-07-08,0.0358030013740062,0.0874229967594146,0.0327030010521411,0.0826189965009689,0.0826189965009689,7801
Me-in USD,MEIN-USD,2023-07-09,0.0826200023293495,0.1815979927778244,0.0798119977116584,0.1620389968156814,0.1620389968156814,8141
Me-in USD,MEIN-USD,2023-07-10,0.1620420068502426,0.162214994430542,0.0997949987649917,0.1564079970121383,0.1564079970121383,7861
Me-in USD,MEIN-USD,2023-07-11,0.1564179956912994,0.1608760058879852,0.1162009984254837,0.1409119963645935,0.1409119963645935,7860
Me-in USD,MEIN-USD,2023-07-12,0.1409139931201934,0.2079070061445236,0.1385859996080398,0.1892070025205612,0.1892070025205612,7830
Me-in USD,MEIN-USD,2023-07-13,0.1892050057649612,0.2094919979572296,0.1615040004253387,0.1884829998016357,0.1884829998016357,7834
Me-in USD,MEIN-USD,2023-07-14,0.1884839981794357,0.2482659965753555,0.1878630071878433,0.2308779954910278,0.2308779954910278,8645
Me-in USD,MEIN-USD,2023-07-15,0.2308740019798278,0.2478999942541122,0.1902319937944412,0.1935659945011139,0.1935659945011139,7833
Me-in USD,MEIN-USD,2023-07-16,0.1935559958219528,0.2376780062913894,0.191113993525505,0.2375590056180954,0.2375590056180954,7895
Me-in USD,MEIN-USD,2023-07-17,0.2375610023736953,0.2376240044832229,0.2372850030660629,0.2374600023031234,0.2374600023031234,7891
Me-in USD,MEIN-USD,2023-07-18,0.2374520003795623,0.2375690042972564,0.2372850030660629,0.2374700009822845,0.2374700009822845,7891
Me-in USD,MEIN-USD,2023-07-19,0.2374619990587234,0.2375410050153732,0.2372699975967407,0.2374269962310791,0.2374269962310791,7891
Me-in USD,MEIN-USD,2023-07-20,0.2374349981546402,0.2375430017709732,0.2371670007705688,0.2374220043420791,0.2374220043420791,7890
Me-in USD,MEIN-USD,2023-07-21,0.2374220043420791,0.2449389994144439,0.2305160015821457,0.2357559949159622,0.2357559949159622,55755
Me-in USD,MEIN-USD,2023-07-22,0.2357600033283233,0.2465420067310333,0.2274210005998611,0.2430129945278167,0.2430129945278167,75364
Me-in USD,MEIN-USD,2023-07-23,0.2430189996957779,0.244825005531311,0.2300239950418472,0.2381120026111602,0.2381120026111602,76475
Me-in USD,MEIN-USD,2023-07-24,0.238095998764038,0.2447859942913055,0.2305939942598343,0.2370920032262802,0.2370920032262802,76623
Me-in USD,MEIN-USD,2023-07-25,0.2370949983596801,0.2471199929714203,0.2289869934320449,0.2390590012073516,0.2390590012073516,78201
Me-in USD,MEIN-USD,2023-07-26,0.2390660047531128,0.2446939945220947,0.2306009978055954,0.2384819984436035,0.2384819984436035,77852
Me-in USD,MEIN-USD,2023-07-27,0.2384800016880035,0.245060995221138,0.2296929955482483,0.2371670007705688,0.2371670007705688,77267
Me-in USD,MEIN-USD,2023-07-28,0.2371540069580078,0.2433730065822601,0.230772003531456,0.2382739931344986,0.2382739931344986,77537
Me-in USD,MEIN-USD,2023-07-29,0.2382639944553375,0.2463440001010894,0.2306910008192062,0.2363139986991882,0.2363139986991882,0
Me-in USD,MEIN-USD,2023-07-30,0.2363139986991882,0.2363139986991882,0.2363139986991882,0.2363139986991882,0.2363139986991882,0
Me-in USD,MEIN-USD,2023-07-31,0.2363139986991882,0.2363139986991882,0.2363139986991882,0.2363139986991882,0.2363139986991882,0
Me-in USD,MEIN-USD,2023-08-01,0.2363139986991882,0.2430920004844665,0.2318200021982193,0.2374889999628067,0.2374889999628067,80012
Me-in USD,MEIN-USD,2023-08-02,0.2374729961156845,0.2440630048513412,0.2313529998064041,0.2375669926404953,0.2375669926404953,77116
Me-in USD,MEIN-USD,2023-08-03,0.2375790029764175,0.2466599941253662,0.2295950055122375,0.237416997551918,0.237416997551918,0
Me-in USD,MEIN-USD,2023-08-04,0.237416997551918,0.237416997551918,0.237416997551918,0.237416997551918,0.237416997551918,0
Me-in USD,MEIN-USD,2023-08-05,0.237416997551918,0.237416997551918,0.237416997551918,0.237416997551918,0.237416997551918,0
Me-in USD,MEIN-USD,2023-08-06,0.237416997551918,0.237416997551918,0.237416997551918,0.237416997551918,0.237416997551918,0
Me-in USD,MEIN-USD,2023-08-07,0.237416997551918,0.237416997551918,0.237416997551918,0.237416997551918,0.237416997551918,0
Me-in USD,MEIN-USD,2023-08-08,0.237416997551918,0.237416997551918,0.237416997551918,0.237416997551918,0.237416997551918,0
Me-in USD,MEIN-USD,2023-08-09,0.237416997551918,0.237416997551918,0.237416997551918,0.237416997551918,0.237416997551918,0
Me-in USD,MEIN-USD,2023-08-31,0.237416997551918,0.237416997551918,0.2191209942102432,0.219538003206253,0.219538003206253,0
Me-in USD,MEIN-USD,2023-09-01,0.219541996717453,0.2198379933834076,0.218869000673294,0.2193470001220703,0.2193470001220703,0
Me-in USD,MEIN-USD,2023-09-02,0.2193489968776703,0.2201420068740844,0.2189480066299438,0.2200369983911514,0.2200369983911514,0
Me-in USD,MEIN-USD,2023-09-03,0.2200379967689514,0.2210389971733093,0.2197960019111633,0.2203159928321838,0.2203159928321838,0
Me-in USD,MEIN-USD,2023-09-04,0.2203119993209839,0.2204809933900833,0.219197005033493,0.219527006149292,0.219527006149292,0
Me-in USD,MEIN-USD,2023-09-05,0.2195290029048919,0.2196410000324249,0.2176910042762756,0.2178300023078918,0.2178300023078918,0
Me-in USD,MEIN-USD,2023-09-06,0.2178370058536529,0.2179459929466247,0.2165679931640625,0.2167180031538009,0.2167180031538009,0
Me-in USD,MEIN-USD,2023-09-07,0.2167219966650009,0.2173079997301101,0.2159720063209533,0.2161449939012527,0.2161449939012527,0
Me-in USD,MEIN-USD,2023-09-08,0.2161529958248138,0.2162649929523468,0.2156970053911209,0.2159570008516311,0.2159570008516311,0
Me-in USD,MEIN-USD,2023-09-09,0.2159579992294311,0.2161390036344528,0.2158010005950927,0.21594999730587,0.21594999730587,0
Me-in USD,MEIN-USD,2023-09-10,0.2159589976072311,0.2160879969596862,0.2157070040702819,0.215715005993843,0.215715005993843,0
Me-in USD,MEIN-USD,2023-09-11,0.215717002749443,0.2160370051860809,0.2153539955615997,0.2158380001783371,0.2158380001783371,0
Me-in USD,MEIN-USD,2023-09-12,0.2158370018005371,0.2162079960107803,0.2154539972543716,0.215839996933937,0.215839996933937,0
Me-in USD,MEIN-USD,2023-09-13,0.2158550024032592,0.216048002243042,0.2156929969787597,0.2158669978380203,0.2158669978380203,0
Me-in USD,MEIN-USD,2023-09-14,0.2158676385879516,0.2160600572824478,0.2157598733901977,0.21583953499794,0.21583953499794,77367
Me-in USD,MEIN-USD,2023-09-15,0.215950533747673,0.216006651520729,0.215811550617218,0.2159734219312667,0.2159734219312667,77367
Me-in USD,MEIN-USD,2023-09-16,0.212461307644844,0.212461307644844,0.2122513949871063,0.2122513949871063,0.2122513949871063,77367
Me-in USD,MEIN-USD,2023-09-17,0.212461307644844,0.212461307644844,0.2048674523830413,0.205583781003952,0.205583781003952,77367
Me-in USD,MEIN-USD,2023-09-18,0.205583781003952,0.205583781003952,0.1921413689851761,0.1922674030065536,0.1922674030065536,77367
Me-in USD,MEIN-USD,2023-09-19,0.1922674030065536,0.1923801302909851,0.1855318993330001,0.1855318993330001,0.1855318993330001,77367
Me-in USD,MEIN-USD,2023-09-21,0.1785523444414138,0.1785523444414138,0.1785523444414138,0.1785523444414138,0.1785523444414138,77367
Me-in USD,MEIN-USD,2023-09-22,0.1785523444414138,0.1785523444414138,0.1785523444414138,0.1785523444414138,0.1785523444414138,77367
Me-in USD,MEIN-USD,2023-09-24,0.1785523444414138,0.1785523444414138,0.1785523444414138,0.1785523444414138,0.1785523444414138,77367
Me-in USD,MEIN-USD,2023-09-25,0.1785523444414138,0.1785523444414138,0.1785523444414138,0.1785523444414138,0.1785523444414138,77367
Me-in USD,MEIN-USD,2023-09-20,0.1796739995479583,0.1798609942197799,0.1784899979829788,0.1785520017147064,0.1785520017147064,0
Me-in USD,MEIN-USD,2023-09-23,0.1785520017147064,0.1785520017147064,0.1785520017147064,0.1785520017147064,0.1785520017147064,0
Me-in USD,MEIN-USD,2023-09-26,0.1785523444414138,0.1785523444414138,0.1785523444414138,0.1785523444414138,0.1785523444414138,77367
