Name,Symbol,Date,Open,High,Low,Close,Adj Close,Volume
TOWER USD,TOWER-USD,2021-03-01,0.0063649998046457,0.0099099995568394,0.0063109998591244,0.0099099995568394,0.0099099995568394,547731
TOWER USD,TOWER-USD,2021-03-02,0.0099109997972846,0.0102899996563792,0.0087909996509552,0.0090830000117421,0.0090830000117421,237700
TOWER USD,TOWER-USD,2021-03-03,0.0090819997712969,0.0125590004026889,0.0090560000389814,0.0122769996523857,0.0122769996523857,230129
TOWER USD,TOWER-USD,2021-03-04,0.0122769996523857,0.0176110006868839,0.0107969995588064,0.0175500009208917,0.0175500009208917,781968
TOWER USD,TOWER-USD,2021-03-05,0.0175500009208917,0.0297330003231763,0.0166319999843835,0.0210389997810125,0.0210389997810125,1781391
TOWER USD,TOWER-USD,2021-03-06,0.0210410002619028,0.0223489999771118,0.0192660000175237,0.0192660000175237,0.0192660000175237,623455
TOWER USD,TOWER-USD,2021-03-07,0.0192590001970529,0.0248980000615119,0.0178059991449117,0.0248169992119073,0.0248169992119073,948827
TOWER USD,TOWER-USD,2021-03-08,0.0247779991477727,0.0322190001606941,0.0246440004557371,0.0263630002737045,0.0263630002737045,1409215
TOWER USD,TOWER-USD,2021-03-09,0.0263710003346204,0.0273269992321729,0.0212999992072582,0.0220330003648996,0.0220330003648996,819392
TOWER USD,TOWER-USD,2021-03-10,0.0220219995826482,0.0224910005927085,0.02016899921,0.020185999572277,0.020185999572277,608052
TOWER USD,TOWER-USD,2021-03-11,0.0201789997518062,0.0221480000764131,0.0199030004441738,0.0202830005437135,0.0202830005437135,326506
TOWER USD,TOWER-USD,2021-03-12,0.0203089993447065,0.021238999441266,0.018895000219345,0.019633000716567,0.019633000716567,226134
TOWER USD,TOWER-USD,2021-03-13,0.0196419991552829,0.0217879991978406,0.0177369993180036,0.0216359999030828,0.0216359999030828,484012
TOWER USD,TOWER-USD,2021-03-14,0.0216359999030828,0.0276909992098808,0.0208459999412298,0.0269479993730783,0.0269479993730783,897094
TOWER USD,TOWER-USD,2021-03-15,0.0269460007548332,0.030333999544382,0.0258590001612901,0.030333999544382,0.030333999544382,918016
TOWER USD,TOWER-USD,2021-03-16,0.0303259994834661,0.0462439991533756,0.0279830005019903,0.0411019995808601,0.0411019995808601,4891817
TOWER USD,TOWER-USD,2021-03-17,0.0411069989204406,0.0713459998369216,0.0337419994175434,0.0611129999160766,0.0611129999160766,5837942
TOWER USD,TOWER-USD,2021-03-18,0.0611170008778572,0.0761879980564117,0.0570809990167617,0.0705529972910881,0.0705529972910881,5681564
TOWER USD,TOWER-USD,2021-03-19,0.0705600008368492,0.0980520024895668,0.0654399991035461,0.094990998506546,0.094990998506546,5778069
TOWER USD,TOWER-USD,2021-03-20,0.095049001276493,0.120057001709938,0.0858609974384307,0.1060459986329078,0.1060459986329078,4619549
TOWER USD,TOWER-USD,2021-03-21,0.10589399933815,0.1243610009551048,0.087177000939846,0.0884589999914169,0.0884589999914169,4731047
TOWER USD,TOWER-USD,2021-03-22,0.0886669978499412,0.0922959968447685,0.0576490014791488,0.0679199993610382,0.0679199993610382,5783075
TOWER USD,TOWER-USD,2021-03-23,0.0678969994187355,0.0753569975495338,0.0577079989016056,0.0753099992871284,0.0753099992871284,3644460
TOWER USD,TOWER-USD,2021-03-24,0.0752689987421035,0.1084109991788864,0.0717509984970092,0.0735599994659423,0.0735599994659423,5401725
TOWER USD,TOWER-USD,2021-03-25,0.0734769999980926,0.0919909998774528,0.0729330033063888,0.0887679979205131,0.0887679979205131,3525487
TOWER USD,TOWER-USD,2021-03-26,0.0887539982795715,0.0999229997396469,0.0866860002279281,0.0914790034294128,0.0914790034294128,3753173
TOWER USD,TOWER-USD,2021-03-27,0.0913809984922409,0.092910997569561,0.0854040011763572,0.0856140032410621,0.0856140032410621,1586187
TOWER USD,TOWER-USD,2021-03-28,0.0856330022215843,0.0868780016899108,0.0782139971852302,0.0826110020279884,0.0826110020279884,1678673
TOWER USD,TOWER-USD,2021-03-29,0.0826089978218078,0.1128230020403862,0.0811700001358985,0.1026799976825714,0.1026799976825714,4641307
TOWER USD,TOWER-USD,2021-03-30,0.1026849970221519,0.1067809984087944,0.0904520004987716,0.0904660001397132,0.0904660001397132,3486287
TOWER USD,TOWER-USD,2021-03-31,0.0904669985175132,0.0977670028805732,0.0789889991283416,0.0804440006613731,0.0804440006613731,3374080
TOWER USD,TOWER-USD,2021-04-01,0.0803359970450401,0.0814839974045753,0.0720280036330223,0.0725229978561401,0.0725229978561401,2268811
TOWER USD,TOWER-USD,2021-04-02,0.0727699995040893,0.0777629986405372,0.0655459985136985,0.0745000019669532,0.0745000019669532,3208920
TOWER USD,TOWER-USD,2021-04-03,0.0747779980301857,0.0751160010695457,0.0614750012755394,0.0615530014038085,0.0615530014038085,1040864
TOWER USD,TOWER-USD,2021-04-04,0.0614169985055923,0.0663179978728294,0.0601419992744922,0.0639460012316703,0.0639460012316703,1098987
TOWER USD,TOWER-USD,2021-04-05,0.0639019981026649,0.0645499974489212,0.048200998455286,0.0495710000395774,0.0495710000395774,2268228
TOWER USD,TOWER-USD,2021-04-06,0.0495949983596801,0.0516920015215873,0.0437610000371933,0.0454460009932518,0.0454460009932518,1903376
TOWER USD,TOWER-USD,2021-04-07,0.0454120002686977,0.046119999140501,0.0363879986107349,0.0408280007541179,0.0408280007541179,1467210
TOWER USD,TOWER-USD,2021-04-08,0.0407180003821849,0.0651310011744499,0.0403660014271736,0.0581220015883445,0.0581220015883445,6624594
TOWER USD,TOWER-USD,2021-04-09,0.0581320002675056,0.0585159994661808,0.0479829981923103,0.0504309982061386,0.0504309982061386,1385211
TOWER USD,TOWER-USD,2021-04-10,0.0504329986870288,0.0531329996883869,0.0471220016479492,0.0482989996671676,0.0482989996671676,1098348
TOWER USD,TOWER-USD,2021-04-11,0.0482620000839233,0.0497989989817142,0.0448089987039566,0.046509001404047,0.046509001404047,973206
TOWER USD,TOWER-USD,2021-04-12,0.0460009984672069,0.0482539981603622,0.0431540012359619,0.0435499995946884,0.0435499995946884,1140802
TOWER USD,TOWER-USD,2021-04-13,0.0435549989342689,0.0452670007944107,0.0413459986448287,0.0416509993374347,0.0416509993374347,954334
TOWER USD,TOWER-USD,2021-04-14,0.0416919998824596,0.0432219989597797,0.0398500002920627,0.0417179986834526,0.0417179986834526,980276
TOWER USD,TOWER-USD,2021-04-15,0.0417170003056526,0.0420910008251667,0.0388870015740394,0.0413689985871315,0.0413689985871315,1329746
TOWER USD,TOWER-USD,2021-04-16,0.0413569994270801,0.0417670011520385,0.0359929986298084,0.0364409983158111,0.0364409983158111,657741
TOWER USD,TOWER-USD,2021-04-17,0.0364370010793209,0.0391260012984275,0.0357129983603954,0.0357129983603954,0.0357129983603954,653875
TOWER USD,TOWER-USD,2021-04-18,0.0356829985976219,0.0357309989631176,0.0302649997174739,0.0329109989106655,0.0329109989106655,575383
TOWER USD,TOWER-USD,2021-04-19,0.0329240001738071,0.034570001065731,0.0315789990127086,0.0318630002439022,0.0318630002439022,848602
TOWER USD,TOWER-USD,2021-04-20,0.0319090001285076,0.0320129990577697,0.0283400006592273,0.0309839993715286,0.0309839993715286,448005
TOWER USD,TOWER-USD,2021-04-21,0.0310229994356632,0.0314529985189437,0.0288929995149374,0.029331000521779,0.029331000521779,360858
TOWER USD,TOWER-USD,2021-04-22,0.0293610002845525,0.0320950001478195,0.0277050007134675,0.0278399996459484,0.0278399996459484,671131
TOWER USD,TOWER-USD,2021-04-23,0.0278309993445873,0.0278309993445873,0.0229860004037618,0.027293000370264,0.027293000370264,701104
TOWER USD,TOWER-USD,2021-04-24,0.0272879991680383,0.0285539999604225,0.0258670002222061,0.0278670005500316,0.0278670005500316,425722
TOWER USD,TOWER-USD,2021-04-25,0.0278639998286962,0.0302200000733137,0.0273380000144243,0.0289680007845163,0.0289680007845163,400015
TOWER USD,TOWER-USD,2021-04-26,0.0289880000054836,0.0336299985647201,0.0288929995149374,0.0326329991221427,0.0326329991221427,459413
TOWER USD,TOWER-USD,2021-04-27,0.0326370000839233,0.037516001611948,0.0323080010712146,0.0368679985404014,0.0368679985404014,461294
TOWER USD,TOWER-USD,2021-04-28,0.0368789993226528,0.0378630012273788,0.0341899991035461,0.0363080017268657,0.0363080017268657,591697
TOWER USD,TOWER-USD,2021-04-29,0.0363240018486976,0.0479339994490146,0.0357379987835884,0.0477540008723735,0.0477540008723735,1738638
TOWER USD,TOWER-USD,2021-04-30,0.0477260015904903,0.0696260035037994,0.0470159985125064,0.0611179992556571,0.0611179992556571,7015339
TOWER USD,TOWER-USD,2021-05-01,0.0611150003969669,0.0692770034074783,0.0587279982864856,0.0684280022978782,0.0684280022978782,2908742
TOWER USD,TOWER-USD,2021-05-02,0.0684320032596588,0.0800419971346855,0.0619530007243156,0.0752910003066062,0.0752910003066062,3497634
TOWER USD,TOWER-USD,2021-05-03,0.075823001563549,0.0776079967617988,0.0704879984259605,0.0706700012087822,0.0706700012087822,2121082
TOWER USD,TOWER-USD,2021-05-04,0.0706890001893043,0.0720319971442222,0.0630989968776702,0.0639209970831871,0.0639209970831871,4115864
TOWER USD,TOWER-USD,2021-05-05,0.0638400018215179,0.0674979984760284,0.0628580003976821,0.0654259994626045,0.0654259994626045,2302399
TOWER USD,TOWER-USD,2021-05-06,0.0654160007834434,0.0661559998989105,0.0559169985353946,0.0584499984979629,0.0584499984979629,1578561
TOWER USD,TOWER-USD,2021-05-07,0.058458998799324,0.0587860010564327,0.0525019988417625,0.0549549981951713,0.0549549981951713,1367282
TOWER USD,TOWER-USD,2021-05-08,0.0549990013241767,0.0625450015068054,0.0545240007340908,0.0615400001406669,0.0615400001406669,951224
TOWER USD,TOWER-USD,2021-05-09,0.0616049990057945,0.0674899965524673,0.0574529990553855,0.0624880008399486,0.0624880008399486,1738801
TOWER USD,TOWER-USD,2021-05-10,0.0623349994421005,0.0725559964776039,0.0619269981980323,0.0665550008416175,0.0665550008416175,2266433
TOWER USD,TOWER-USD,2021-05-11,0.0666050016880035,0.0704749971628189,0.0584729984402656,0.0645349994301796,0.0645349994301796,1475900
TOWER USD,TOWER-USD,2021-05-12,0.0646200031042099,0.0715769976377487,0.0561349987983703,0.0561349987983703,0.0561349987983703,1184429
TOWER USD,TOWER-USD,2021-05-13,0.0559160001575946,0.056768000125885,0.0487729981541633,0.051435999572277,0.051435999572277,844845
TOWER USD,TOWER-USD,2021-05-14,0.051435999572277,0.0581290014088153,0.0500070005655288,0.057277001440525,0.057277001440525,1280894
TOWER USD,TOWER-USD,2021-05-15,0.0572459995746612,0.0578889995813369,0.0498429983854293,0.0508040003478527,0.0508040003478527,560734
TOWER USD,TOWER-USD,2021-05-16,0.050730001181364,0.0542480014264583,0.0456289984285831,0.0478670001029968,0.0478670001029968,373785
TOWER USD,TOWER-USD,2021-05-17,0.0478789992630481,0.0479350015521049,0.0412739999592304,0.0422360002994537,0.0422360002994537,724827
TOWER USD,TOWER-USD,2021-05-18,0.0422689989209175,0.0453540012240409,0.0410589985549449,0.0432440005242824,0.0432440005242824,469638
TOWER USD,TOWER-USD,2021-05-19,0.0432050004601478,0.043283998966217,0.0240460000932216,0.0307190008461475,0.0307190008461475,880169
TOWER USD,TOWER-USD,2021-05-20,0.0306589994579553,0.0484960004687309,0.0260080005973577,0.0344169996678829,0.0344169996678829,2098458
TOWER USD,TOWER-USD,2021-05-21,0.0344580002129077,0.0356849990785121,0.0232720002532005,0.0243740007281303,0.0243740007281303,736045
TOWER USD,TOWER-USD,2021-05-22,0.0243939999490976,0.0263260006904602,0.0221289992332458,0.0225900001823902,0.0225900001823902,332713
TOWER USD,TOWER-USD,2021-05-23,0.0225990004837512,0.0229729991406202,0.0164739992469549,0.0212980005890131,0.0212980005890131,550469
TOWER USD,TOWER-USD,2021-05-24,0.0212999992072582,0.0281629990786314,0.0201990008354187,0.0278520006686449,0.0278520006686449,565712
TOWER USD,TOWER-USD,2021-05-25,0.0277810003608465,0.0287410002201795,0.0244200006127357,0.026333000510931,0.026333000510931,270654
TOWER USD,TOWER-USD,2021-05-26,0.0263780001550912,0.0296650007367134,0.0262460000813007,0.0285989996045827,0.0285989996045827,334861
TOWER USD,TOWER-USD,2021-05-27,0.0286209993064403,0.0302939992398023,0.0261879991739988,0.0273899994790554,0.0273899994790554,295723
TOWER USD,TOWER-USD,2021-05-28,0.0273889992386102,0.0285509992390871,0.0233989991247653,0.0238669998943805,0.0238669998943805,346291
TOWER USD,TOWER-USD,2021-05-29,0.0234220009297132,0.024762999266386,0.0206300001591444,0.0211030002683401,0.0211030002683401,160408
TOWER USD,TOWER-USD,2021-05-30,0.021111000329256,0.0244089998304843,0.0203050002455711,0.0228959992527961,0.0228959992527961,163335
TOWER USD,TOWER-USD,2021-05-31,0.0228829998522996,0.0264209993183612,0.0219100005924701,0.0261930003762245,0.0261930003762245,296408
TOWER USD,TOWER-USD,2021-06-01,0.026223000138998,0.0268869996070861,0.0243239998817443,0.0253519993275403,0.0253519993275403,236820
TOWER USD,TOWER-USD,2021-06-02,0.0253609996289014,0.0284349992871284,0.024609999731183,0.0275519993156194,0.0275519993156194,332121
TOWER USD,TOWER-USD,2021-06-03,0.0275359991937875,0.0301019996404647,0.0269680004566907,0.0284620001912117,0.0284620001912117,299307
TOWER USD,TOWER-USD,2021-06-04,0.0284630004316568,0.0284679997712373,0.025119999423623,0.0255159996449947,0.0255159996449947,288906
TOWER USD,TOWER-USD,2021-06-05,0.0254820007830858,0.0270920004695653,0.0243640001863241,0.0249290000647306,0.0249290000647306,200448
TOWER USD,TOWER-USD,2021-06-06,0.0249450001865625,0.0260339993983507,0.0235259998589754,0.024617999792099,0.024617999792099,199883
TOWER USD,TOWER-USD,2021-06-07,0.0246249996125698,0.0257319994270801,0.0226639993488788,0.0229679998010396,0.0229679998010396,197051
TOWER USD,TOWER-USD,2021-06-08,0.0229380000382661,0.0236520003527402,0.02050800062716,0.022622000426054,0.022622000426054,256432
TOWER USD,TOWER-USD,2021-06-09,0.0226160008460283,0.0233800001442432,0.021696999669075,0.0233800001442432,0.0233800001442432,201843
TOWER USD,TOWER-USD,2021-06-10,0.0233810003846883,0.0235900003463029,0.0211379993706941,0.0213590003550052,0.0213590003550052,158250
TOWER USD,TOWER-USD,2021-06-11,0.0213610008358955,0.0227300003170967,0.02038099989295,0.0206530001014471,0.0206530001014471,188110
TOWER USD,TOWER-USD,2021-06-12,0.0207090005278587,0.0222820006310939,0.0198430009186267,0.0200960002839565,0.0200960002839565,158668
TOWER USD,TOWER-USD,2021-06-13,0.020075000822544,0.023166999220848,0.0192019995301961,0.0216249991208314,0.0216249991208314,117733
TOWER USD,TOWER-USD,2021-06-14,0.0216249991208314,0.0231539998203516,0.0204819999635219,0.0223130006343126,0.0223130006343126,110892
TOWER USD,TOWER-USD,2021-06-15,0.0224959999322891,0.0228029992431402,0.0205520000308752,0.0224089995026588,0.0224089995026588,140122
TOWER USD,TOWER-USD,2021-06-16,0.0208379998803138,0.0209049992263317,0.0187660008668899,0.0191719997674226,0.0191719997674226,104570
TOWER USD,TOWER-USD,2021-06-17,0.0191820003092288,0.0212830007076263,0.0188389997929334,0.0189299993216991,0.0189299993216991,121371
TOWER USD,TOWER-USD,2021-06-18,0.0189420003443956,0.020363999530673,0.018087999895215,0.0193099994212389,0.0193099994212389,119285
TOWER USD,TOWER-USD,2021-06-19,0.0193329993635416,0.019693000242114,0.0168590005487203,0.0169730000197887,0.0169730000197887,98646
TOWER USD,TOWER-USD,2021-06-20,0.0169350001960992,0.018835000693798,0.0163630004972219,0.0183819998055696,0.0183819998055696,351645
TOWER USD,TOWER-USD,2021-06-21,0.0183840002864599,0.0184220001101493,0.0146099999547004,0.0147160002961754,0.0147160002961754,175023
TOWER USD,TOWER-USD,2021-06-22,0.0147099997848272,0.0154290003702044,0.0123049998655915,0.0134450001642107,0.0134450001642107,134760
TOWER USD,TOWER-USD,2021-06-23,0.0134519999846816,0.0143929999321699,0.0129370000213384,0.0142320003360509,0.0142320003360509,131121
TOWER USD,TOWER-USD,2021-06-24,0.0139450002461671,0.0168089997023344,0.0132130002602934,0.016067000105977,0.016067000105977,379945
TOWER USD,TOWER-USD,2021-06-25,0.0160889998078346,0.0162519998848438,0.0142360003665089,0.0150750000029802,0.0150750000029802,97888
TOWER USD,TOWER-USD,2021-06-26,0.0150699997320771,0.0154870003461837,0.0137160001322627,0.0149269998073577,0.0149269998073577,99157
TOWER USD,TOWER-USD,2021-06-27,0.0149560002610087,0.0164769999682903,0.0145779997110366,0.0163599997758865,0.0163599997758865,109512
TOWER USD,TOWER-USD,2021-06-28,0.0163800008594989,0.0167360007762908,0.0150159997865557,0.0165960006415843,0.0165960006415843,164631
TOWER USD,TOWER-USD,2021-06-29,0.0165899991989135,0.0178539995104074,0.0159380007535219,0.0174380000680685,0.0174380000680685,140646
TOWER USD,TOWER-USD,2021-06-30,0.0173950009047985,0.0178720001131296,0.0158029999583959,0.0174300000071525,0.0174300000071525,129453
TOWER USD,TOWER-USD,2021-07-01,0.0174400005489587,0.0176110006868839,0.015931999310851,0.0168689992278814,0.0168689992278814,117351
TOWER USD,TOWER-USD,2021-07-02,0.0168549995869398,0.017374999821186,0.0154520003125071,0.01702699996531,0.01702699996531,131817
TOWER USD,TOWER-USD,2021-07-03,0.0170259997248649,0.0178960002958774,0.016024999320507,0.0168740004301071,0.0168740004301071,129979
TOWER USD,TOWER-USD,2021-07-04,0.0168730001896619,0.0185279995203018,0.0166609995067119,0.0179249998182058,0.0179249998182058,203303
TOWER USD,TOWER-USD,2021-07-05,0.0179260000586509,0.0184649992734193,0.0167919993400573,0.0173649992793798,0.0173649992793798,167064
TOWER USD,TOWER-USD,2021-07-06,0.0173429995775222,0.0189950000494718,0.0170540008693933,0.0173969995230436,0.0173969995230436,117202
TOWER USD,TOWER-USD,2021-07-07,0.0174049995839595,0.0214419998228549,0.0170230008661746,0.0205569993704557,0.0205569993704557,408553
TOWER USD,TOWER-USD,2021-07-08,0.0205680001527071,0.0214799996465444,0.0174519997090101,0.0174519997090101,0.0174519997090101,379828
TOWER USD,TOWER-USD,2021-07-09,0.0174529999494552,0.0185029990971088,0.0171339996159076,0.0184899996966123,0.0184899996966123,355440
TOWER USD,TOWER-USD,2021-07-10,0.0184669997543096,0.0189110003411769,0.01694200001657,0.0170220006257295,0.0170220006257295,375828
TOWER USD,TOWER-USD,2021-07-11,0.0170319993048906,0.0189960002899169,0.0167399998754262,0.0186459999531507,0.0186459999531507,301774
TOWER USD,TOWER-USD,2021-07-12,0.018648000434041,0.0191190000623464,0.01643200032413,0.0174330007284879,0.0174330007284879,298078
TOWER USD,TOWER-USD,2021-07-13,0.0174310002475976,0.0181159991770982,0.0159970000386238,0.0165509991347789,0.0165509991347789,292573
TOWER USD,TOWER-USD,2021-07-14,0.016542999073863,0.0221929997205734,0.0159130003303289,0.0213179998099803,0.0213179998099803,865736
TOWER USD,TOWER-USD,2021-07-15,0.0213159993290901,0.0311910007148981,0.0206489991396665,0.0252279993146657,0.0252279993146657,1804678
TOWER USD,TOWER-USD,2021-07-16,0.0252480003982782,0.0265590008348226,0.0204099994152784,0.020448999479413,0.020448999479413,588499
TOWER USD,TOWER-USD,2021-07-17,0.0209369994699955,0.0209480002522468,0.0191539991647005,0.0199839994311332,0.0199839994311332,435944
TOWER USD,TOWER-USD,2021-07-18,0.0199829991906881,0.0210769996047019,0.0194739997386932,0.0203319992870092,0.0203319992870092,404932
TOWER USD,TOWER-USD,2021-07-19,0.0203269999474287,0.0206889994442462,0.0161799993366003,0.0165459997951984,0.0165459997951984,350580
TOWER USD,TOWER-USD,2021-07-20,0.0165480002760887,0.0177410002797842,0.0152070000767707,0.0169110000133514,0.0169110000133514,431276
TOWER USD,TOWER-USD,2021-07-21,0.0169690009206533,0.0183140002191066,0.0157110001891851,0.017867000773549,0.017867000773549,574696
TOWER USD,TOWER-USD,2021-07-22,0.0178810004144907,0.0250240005552768,0.017204999923706,0.0244210008531808,0.0244210008531808,1012360
TOWER USD,TOWER-USD,2021-07-23,0.0244219992309808,0.0267719998955726,0.0233910009264946,0.0266369991004467,0.0266369991004467,1021608
TOWER USD,TOWER-USD,2021-07-24,0.0266469996422529,0.0590879991650581,0.0263480003923177,0.0477709993720054,0.0477709993720054,8227520
TOWER USD,TOWER-USD,2021-07-25,0.0473509989678859,0.0559060014784336,0.0383509993553161,0.045949000865221,0.045949000865221,4423434
TOWER USD,TOWER-USD,2021-07-26,0.0459549985826015,0.048879001289606,0.0367680005729198,0.0374520011246204,0.0374520011246204,1969817
TOWER USD,TOWER-USD,2021-07-27,0.0374189987778663,0.0500329993665218,0.0363949984312057,0.0484879985451698,0.0484879985451698,3681175
TOWER USD,TOWER-USD,2021-07-28,0.0488130003213882,0.0676669999957084,0.0488130003213882,0.0617920011281967,0.0617920011281967,8152777
TOWER USD,TOWER-USD,2021-07-29,0.0616669990122318,0.0676240026950836,0.0546789988875389,0.0560249984264373,0.0560249984264373,4690341
TOWER USD,TOWER-USD,2021-07-30,0.0558109991252422,0.0569409988820552,0.0504529997706413,0.0524920001626014,0.0524920001626014,3856264
TOWER USD,TOWER-USD,2021-07-31,0.0526829995214939,0.0579200014472007,0.051426000893116,0.0568360015749931,0.0568360015749931,2932892
TOWER USD,TOWER-USD,2021-08-01,0.0568410009145736,0.0594820007681846,0.0502390004694461,0.0510880015790462,0.0510880015790462,3326755
TOWER USD,TOWER-USD,2021-08-02,0.0510240010917186,0.057277999818325,0.0488319993019104,0.0539340004324913,0.0539340004324913,2755801
TOWER USD,TOWER-USD,2021-08-03,0.0539579987525939,0.0551569983363151,0.0459190011024475,0.0463210009038448,0.0463210009038448,2451646
TOWER USD,TOWER-USD,2021-08-04,0.0463230013847351,0.0537029989063739,0.0455299988389015,0.0507760010659694,0.0507760010659694,2972364
TOWER USD,TOWER-USD,2021-08-05,0.0507670007646083,0.0530869998037815,0.0444200001657009,0.0481280013918876,0.0481280013918876,2737465
TOWER USD,TOWER-USD,2021-08-06,0.0481210015714168,0.0520359985530376,0.0469890013337135,0.0491410009562969,0.0491410009562969,2806528
TOWER USD,TOWER-USD,2021-08-07,0.0491160005331039,0.0537739992141723,0.0450609996914863,0.0466590002179145,0.0466590002179145,2836791
TOWER USD,TOWER-USD,2021-08-08,0.0465309992432594,0.05197000131011,0.0422560013830661,0.050025001168251,0.050025001168251,3799672
TOWER USD,TOWER-USD,2021-08-09,0.0502680018544197,0.0533000007271766,0.0453459993004798,0.0494639985263347,0.0494639985263347,3781311
TOWER USD,TOWER-USD,2021-08-10,0.0494959987699985,0.0551499985158443,0.0467850007116794,0.0469140000641346,0.0469140000641346,2380627
TOWER USD,TOWER-USD,2021-08-11,0.0469259992241859,0.0548840016126632,0.046679001301527,0.0528919994831085,0.0528919994831085,2922778
TOWER USD,TOWER-USD,2021-08-12,0.0528450012207031,0.0535780005156993,0.0463650003075599,0.0481979995965957,0.0481979995965957,1697656
TOWER USD,TOWER-USD,2021-08-13,0.0481830015778541,0.0631830021739006,0.0479139983654022,0.0616969987750053,0.0616969987750053,3912935
TOWER USD,TOWER-USD,2021-08-14,0.0616829991340637,0.0644380003213882,0.0568119995296001,0.0589779987931251,0.0589779987931251,2667512
TOWER USD,TOWER-USD,2021-08-15,0.0589709989726543,0.0589709989726543,0.0544280000030994,0.0568070001900196,0.0568070001900196,1870304
TOWER USD,TOWER-USD,2021-08-16,0.0568259991705417,0.0602030009031295,0.0536059997975826,0.0555769987404346,0.0555769987404346,2245635
TOWER USD,TOWER-USD,2021-08-17,0.0555079989135265,0.0565509982407093,0.0485789999365806,0.0495549999177455,0.0495549999177455,1421315
TOWER USD,TOWER-USD,2021-08-18,0.0495660006999969,0.0528319999575614,0.0468389987945556,0.0518769994378089,0.0518769994378089,1715086
TOWER USD,TOWER-USD,2021-08-19,0.0518399998545646,0.0519750006496906,0.0491239987313747,0.0497270002961158,0.0497270002961158,1761242
TOWER USD,TOWER-USD,2021-08-20,0.049745999276638,0.0524279996752738,0.0469250008463859,0.049550998955965,0.049550998955965,1735523
TOWER USD,TOWER-USD,2021-08-21,0.0495459996163845,0.0523700006306171,0.0483039990067482,0.0523650012910366,0.0523650012910366,1881885
TOWER USD,TOWER-USD,2021-08-22,0.0523580014705657,0.0529350005090236,0.0455969981849193,0.0483000017702579,0.0483000017702579,1876819
TOWER USD,TOWER-USD,2021-08-23,0.048284001648426,0.0527179986238479,0.0471279993653297,0.0501749999821186,0.0501749999821186,2116153
TOWER USD,TOWER-USD,2021-08-24,0.0501819998025894,0.0512959994375705,0.0456370003521442,0.0475479997694492,0.0475479997694492,2062578
TOWER USD,TOWER-USD,2021-08-25,0.0476920008659362,0.0670839995145797,0.0471390001475811,0.0670550018548965,0.0670550018548965,4866638
TOWER USD,TOWER-USD,2021-08-26,0.0684449970722198,0.081395998597145,0.0670109987258911,0.0689480006694793,0.0689480006694793,8163064
TOWER USD,TOWER-USD,2021-08-27,0.0689259991049766,0.0691009983420372,0.0613249987363815,0.0678829997777938,0.0678829997777938,2853504
TOWER USD,TOWER-USD,2021-08-28,0.0679420009255409,0.0698880031704902,0.0635970011353492,0.0638180002570152,0.0638180002570152,1221741
TOWER USD,TOWER-USD,2021-08-29,0.0637860000133514,0.0650030001997947,0.0599559992551803,0.0623559989035129,0.0623559989035129,971539
TOWER USD,TOWER-USD,2021-08-30,0.0623940005898475,0.0625820010900497,0.0559160001575946,0.0559250004589557,0.0559250004589557,1424074
TOWER USD,TOWER-USD,2021-08-31,0.0559360012412071,0.0566230006515979,0.0536939986050128,0.0543229989707469,0.0543229989707469,968066
TOWER USD,TOWER-USD,2021-09-01,0.0543190017342567,0.0564000010490417,0.0531210005283355,0.0540140010416507,0.0540140010416507,800262
TOWER USD,TOWER-USD,2021-09-02,0.0541969984769821,0.0558499991893768,0.0517719984054565,0.0517719984054565,0.0517719984054565,636969
TOWER USD,TOWER-USD,2021-09-03,0.0517680011689662,0.0570529997348785,0.0511609986424446,0.0522390007972717,0.0522390007972717,723551
TOWER USD,TOWER-USD,2021-09-04,0.0522359982132911,0.0568500012159347,0.0519330017268657,0.056403998285532,0.056403998285532,517958
TOWER USD,TOWER-USD,2021-09-05,0.0563960000872612,0.057677999138832,0.0524279996752738,0.0542600005865097,0.0542600005865097,821035
TOWER USD,TOWER-USD,2021-09-06,0.0542620010673999,0.0561319999396801,0.0509659983217716,0.0518460012972354,0.0518460012972354,794404
TOWER USD,TOWER-USD,2021-09-07,0.0518710017204284,0.057388000190258,0.0464860014617443,0.0507510006427764,0.0507510006427764,2345638
TOWER USD,TOWER-USD,2021-09-08,0.0506419986486434,0.0506520010530948,0.0436870008707046,0.0476879999041557,0.0476879999041557,1596276
TOWER USD,TOWER-USD,2021-09-09,0.0471279993653297,0.0493989996612072,0.0436250008642673,0.0456059984862804,0.0456059984862804,967944
TOWER USD,TOWER-USD,2021-09-10,0.0458259992301464,0.0492050014436244,0.0391240008175373,0.0393499992787838,0.0393499992787838,959136
TOWER USD,TOWER-USD,2021-09-11,0.039351999759674,0.0444720014929771,0.0393010005354881,0.0430190004408359,0.0430190004408359,1150362
TOWER USD,TOWER-USD,2021-09-12,0.0430260002613067,0.0444220006465911,0.0406190007925033,0.042748998850584,0.042748998850584,604382
TOWER USD,TOWER-USD,2021-09-13,0.042748000472784,0.0427529998123645,0.0403300002217292,0.0412999987602233,0.0412999987602233,430959
TOWER USD,TOWER-USD,2021-09-14,0.0412960015237331,0.041763998568058,0.0404170006513595,0.0409960001707077,0.0409960001707077,476357
TOWER USD,TOWER-USD,2021-09-15,0.0410000011324882,0.0430009998381137,0.040132001042366,0.0413429997861385,0.0413429997861385,339314
TOWER USD,TOWER-USD,2021-09-16,0.0413529984652996,0.0422540009021759,0.0402220003306865,0.0408330000936985,0.0408330000936985,253926
TOWER USD,TOWER-USD,2021-09-17,0.0408359989523887,0.0415210016071796,0.0391100011765956,0.0397440008819103,0.0397440008819103,362141
TOWER USD,TOWER-USD,2021-09-18,0.0397539995610713,0.0406659990549087,0.0394919998943805,0.0398820005357265,0.0398820005357265,289109
TOWER USD,TOWER-USD,2021-09-19,0.0398759990930557,0.0398840010166168,0.0374090000987052,0.0375799983739852,0.0375799983739852,309835
TOWER USD,TOWER-USD,2021-09-20,0.0375799983739852,0.0387240014970302,0.0319919995963573,0.0337399989366531,0.0337399989366531,494429
TOWER USD,TOWER-USD,2021-09-21,0.0337279997766017,0.0346020013093948,0.0306499991565942,0.0316109992563724,0.0316109992563724,322758
TOWER USD,TOWER-USD,2021-09-22,0.0315279997885227,0.0334590002894401,0.0309040006250143,0.033339999616146,0.033339999616146,338837
TOWER USD,TOWER-USD,2021-09-23,0.0333420000970363,0.0342260003089904,0.0320190005004406,0.0327249988913536,0.0327249988913536,582500
TOWER USD,TOWER-USD,2021-09-24,0.0327269993722438,0.032804001122713,0.0297400001436471,0.0297759994864463,0.0297759994864463,364533
TOWER USD,TOWER-USD,2021-09-25,0.0297730006277561,0.0308229997754097,0.0269140005111694,0.0296229999512434,0.0296229999512434,155548
TOWER USD,TOWER-USD,2021-09-26,0.0296250004321336,0.0307279992848634,0.0257690008729696,0.0299660004675388,0.0299660004675388,236732
TOWER USD,TOWER-USD,2021-09-27,0.0299570001661777,0.0323270000517368,0.026300000026822,0.0299609992653131,0.0299609992653131,195634
TOWER USD,TOWER-USD,2021-09-28,0.0299869999289512,0.030154999345541,0.026452999562025,0.0283530000597238,0.0283530000597238,296549
TOWER USD,TOWER-USD,2021-09-29,0.0283569991588592,0.0293380003422498,0.0270349998027086,0.0278670005500316,0.0278670005500316,490059
TOWER USD,TOWER-USD,2021-09-30,0.0278660003095865,0.0290450006723403,0.0207139998674392,0.0247659999877214,0.0247659999877214,665744
TOWER USD,TOWER-USD,2021-10-01,0.0247649997472763,0.0332939997315406,0.0224549993872642,0.0311539992690086,0.0311539992690086,800121
TOWER USD,TOWER-USD,2021-10-02,0.0311500001698732,0.0359739996492862,0.0302130002528429,0.0343950018286705,0.0343950018286705,402233
TOWER USD,TOWER-USD,2021-10-03,0.0343820005655288,0.0366539992392063,0.0341380015015602,0.0359679982066154,0.0359679982066154,447501
TOWER USD,TOWER-USD,2021-10-04,0.0359679982066154,0.0435089990496635,0.034876000136137,0.0408999994397163,0.0408999994397163,1429308
TOWER USD,TOWER-USD,2021-10-05,0.0408859997987747,0.0424709990620613,0.0392169989645481,0.0415770001709461,0.0415770001709461,797778
TOWER USD,TOWER-USD,2021-10-06,0.0415709987282753,0.0429559983313083,0.0385719984769821,0.0404930002987384,0.0404930002987384,457479
TOWER USD,TOWER-USD,2021-10-07,0.0404839999973773,0.0418310016393661,0.0384939983487129,0.0405859984457492,0.0405859984457492,495769
TOWER USD,TOWER-USD,2021-10-08,0.0405940003693103,0.0451820008456707,0.0405940003693103,0.0436850003898143,0.0436850003898143,837196
TOWER USD,TOWER-USD,2021-10-09,0.0436879992485046,0.0436929985880851,0.0407919995486736,0.0415350012481212,0.0415350012481212,264401
TOWER USD,TOWER-USD,2021-10-10,0.0415330007672309,0.0415330007672309,0.0397869981825351,0.0398170016705989,0.0398170016705989,317172
TOWER USD,TOWER-USD,2021-10-11,0.0398209989070892,0.0411260016262531,0.0379969999194145,0.0380439981818199,0.0380439981818199,354655
TOWER USD,TOWER-USD,2021-10-12,0.0380479991436004,0.0393080003559589,0.0372189991176128,0.039096001535654,0.039096001535654,855282
TOWER USD,TOWER-USD,2021-10-13,0.0391130000352859,0.0424840003252029,0.0377269983291626,0.0384359993040561,0.0384359993040561,364776
TOWER USD,TOWER-USD,2021-10-14,0.0384359993040561,0.0407040007412433,0.0384050011634826,0.0395740009844303,0.0395740009844303,267844
TOWER USD,TOWER-USD,2021-10-15,0.0395740009844303,0.0407930016517639,0.0393100008368492,0.0407090000808239,0.0407090000808239,333599
TOWER USD,TOWER-USD,2021-10-16,0.0407090000808239,0.0435790009796619,0.0403809994459152,0.0427809990942478,0.0427809990942478,493956
TOWER USD,TOWER-USD,2021-10-17,0.0427820011973381,0.0447640009224414,0.0422969982028007,0.0431660003960132,0.0431660003960132,418972
TOWER USD,TOWER-USD,2021-10-18,0.0431680008769035,0.0434090010821819,0.0404519997537136,0.0407969988882541,0.0407969988882541,289807
TOWER USD,TOWER-USD,2021-10-19,0.0407949984073638,0.041958000510931,0.040412999689579,0.0413150005042552,0.0413150005042552,335676
TOWER USD,TOWER-USD,2021-10-20,0.0413209982216358,0.0549830012023448,0.0405279994010925,0.0519299991428852,0.0519299991428852,1616794
TOWER USD,TOWER-USD,2021-10-21,0.0518920011818409,0.064810998737812,0.0488499999046325,0.0518799982964992,0.0518799982964992,3479747
TOWER USD,TOWER-USD,2021-10-22,0.0521549992263317,0.0550069995224475,0.0489850006997585,0.0497029982507228,0.0497029982507228,1067398
TOWER USD,TOWER-USD,2021-10-23,0.0497040003538131,0.0519040003418922,0.049405001103878,0.0499130003154277,0.0499130003154277,542035
TOWER USD,TOWER-USD,2021-10-24,0.0499139986932277,0.0502349995076656,0.0461600013077259,0.0478640012443065,0.0478640012443065,782486
TOWER USD,TOWER-USD,2021-10-25,0.0478559993207454,0.0509440004825592,0.0477910004556179,0.0482270009815692,0.0482270009815692,1122361
TOWER USD,TOWER-USD,2021-10-26,0.0482230000197887,0.0551039986312389,0.0476280003786087,0.0503280013799667,0.0503280013799667,1217730
TOWER USD,TOWER-USD,2021-10-27,0.0503289997577667,0.0505230017006397,0.04381800070405,0.0447520017623901,0.0447520017623901,685146
TOWER USD,TOWER-USD,2021-10-28,0.0447349995374679,0.0530790016055107,0.042977001518011,0.050415001809597,0.050415001809597,1509109
TOWER USD,TOWER-USD,2021-10-29,0.0505019985139369,0.0663869976997375,0.0502940006554126,0.0634249970316886,0.0634249970316886,2869211
TOWER USD,TOWER-USD,2021-10-30,0.0637459978461265,0.0740630030632019,0.0577110014855861,0.0701709985733032,0.0701709985733032,3292933
TOWER USD,TOWER-USD,2021-10-31,0.0704139992594719,0.0780889987945556,0.0638969987630844,0.0656030029058456,0.0656030029058456,3102888
TOWER USD,TOWER-USD,2021-11-01,0.0655980035662651,0.0699149966239929,0.061694998294115,0.0639780014753341,0.0639780014753341,1479711
TOWER USD,TOWER-USD,2021-11-02,0.0639789998531341,0.0710119977593422,0.0635529980063438,0.068121999502182,0.068121999502182,1740110
TOWER USD,TOWER-USD,2021-11-03,0.0680880025029182,0.0757879987359047,0.0672959983348846,0.0737039968371391,0.0737039968371391,2944023
TOWER USD,TOWER-USD,2021-11-04,0.0737869963049888,0.0893440023064613,0.0727619975805282,0.0851820036768913,0.0851820036768913,6172890
TOWER USD,TOWER-USD,2021-11-05,0.0848399996757507,0.0923890024423599,0.0777529999613761,0.0788120031356811,0.0788120031356811,4164415
TOWER USD,TOWER-USD,2021-11-06,0.0788249969482421,0.0848549976944923,0.0776590034365654,0.083635002374649,0.083635002374649,1825127
TOWER USD,TOWER-USD,2021-11-07,0.0836329981684684,0.0880940034985542,0.079876996576786,0.0833770036697387,0.0833770036697387,1746019
TOWER USD,TOWER-USD,2021-11-08,0.0834129974246025,0.083697997033596,0.0762009993195533,0.0778020024299621,0.0778020024299621,1717352
TOWER USD,TOWER-USD,2021-11-09,0.0778170004487037,0.0778909996151924,0.0663949996232986,0.0667420029640197,0.0667420029640197,1142028
TOWER USD,TOWER-USD,2021-11-10,0.0667349994182586,0.0716530010104179,0.0637760013341903,0.0638329982757568,0.0638329982757568,1190430
TOWER USD,TOWER-USD,2021-11-11,0.0638580024242401,0.066941000521183,0.0638569965958595,0.0662180036306381,0.0662180036306381,972506
TOWER USD,TOWER-USD,2021-11-12,0.0661960020661354,0.0667280033230781,0.0622170008718967,0.0628010034561157,0.0628010034561157,946886
TOWER USD,TOWER-USD,2021-11-13,0.06284099817276,0.0645240023732185,0.0622170008718967,0.0641440004110336,0.0641440004110336,962965
TOWER USD,TOWER-USD,2021-11-14,0.0641499981284141,0.0678550004959106,0.0587650015950202,0.0592340007424354,0.0592340007424354,604599
TOWER USD,TOWER-USD,2021-11-15,0.0592340007424354,0.0666470006108284,0.0591950006783008,0.0646210014820098,0.0646210014820098,663407
TOWER USD,TOWER-USD,2021-11-16,0.0645880028605461,0.1355790048837661,0.0556630007922649,0.0578869991004467,0.0578869991004467,676035
TOWER USD,TOWER-USD,2021-11-17,0.0578670017421245,0.0684679970145225,0.056582998484373,0.0593019984662532,0.0593019984662532,641022
TOWER USD,TOWER-USD,2021-11-18,0.0593170002102851,0.0647630020976066,0.0593170002102851,0.0621579997241497,0.0621579997241497,1697753
TOWER USD,TOWER-USD,2021-11-19,0.0621609985828399,0.0737629979848861,0.0616229996085166,0.0737629979848861,0.0737629979848861,1912711
TOWER USD,TOWER-USD,2021-11-20,0.0737489983439445,0.0821309983730316,0.0718569979071617,0.0780050009489059,0.0780050009489059,3214764
TOWER USD,TOWER-USD,2021-11-21,0.0780330002307891,0.0786629989743232,0.0700870007276535,0.0741500034928321,0.0741500034928321,2611702
TOWER USD,TOWER-USD,2021-11-22,0.0741819962859153,0.0744379982352256,0.0666029974818229,0.0677570030093193,0.0677570030093193,859334
TOWER USD,TOWER-USD,2021-11-23,0.0677459985017776,0.0782539993524551,0.0676390007138252,0.0779599994421005,0.0779599994421005,1563310
TOWER USD,TOWER-USD,2021-11-24,0.0779599994421005,0.1256269961595535,0.0766329988837242,0.0782250016927719,0.0782250016927719,1583604
TOWER USD,TOWER-USD,2021-11-25,0.1256159991025924,0.1438300013542175,0.1174200028181076,0.1437080055475235,0.1437080055475235,7182208
TOWER USD,TOWER-USD,2021-11-26,0.1199280023574829,0.1203799992799758,0.1013889983296394,0.1093209981918335,0.1093209981918335,4281405
TOWER USD,TOWER-USD,2021-11-27,0.1088939979672432,0.1361040025949478,0.1084000021219253,0.123268999159336,0.123268999159336,5113490
TOWER USD,TOWER-USD,2021-11-28,0.1232739984989166,0.1266469955444336,0.1085050031542778,0.1183890029788017,0.1183890029788017,2919059
TOWER USD,TOWER-USD,2021-11-29,0.1185690015554428,0.1325719952583313,0.1172979995608329,0.1231819987297058,0.1231819987297058,3762512
TOWER USD,TOWER-USD,2021-11-30,0.1231649965047836,0.1330509930849075,0.1209539994597435,0.1212849989533424,0.1212849989533424,4382584
TOWER USD,TOWER-USD,2021-12-01,0.1212339997291565,0.1214450001716613,0.104152999818325,0.1050899997353553,0.1050899997353553,3006802
TOWER USD,TOWER-USD,2021-12-02,0.1050600036978721,0.1066510006785392,0.0993430018424987,0.1008979976177215,0.1008979976177215,1953654
TOWER USD,TOWER-USD,2021-12-03,0.1009560003876686,0.1014090031385421,0.0910879969596862,0.0911540016531944,0.0911540016531944,1438804
TOWER USD,TOWER-USD,2021-12-04,0.0911469981074333,0.0920429974794387,0.0771820023655891,0.08211600035429,0.08211600035429,1418308
TOWER USD,TOWER-USD,2021-12-05,0.0820859968662262,0.0832649990916252,0.0790940001606941,0.0805779993534088,0.0805779993534088,2022289
TOWER USD,TOWER-USD,2021-12-06,0.0805810019373893,0.0822810009121894,0.0716169998049736,0.0777269974350929,0.0777269974350929,2960816
TOWER USD,TOWER-USD,2021-12-07,0.0778020024299621,0.081274002790451,0.077735997736454,0.0790759995579719,0.0790759995579719,1482228
TOWER USD,TOWER-USD,2021-12-08,0.079084001481533,0.079084001481533,0.0758629962801933,0.0783310011029243,0.0783310011029243,1200128
TOWER USD,TOWER-USD,2021-12-09,0.0782719999551773,0.0815270021557807,0.0715309977531433,0.0725160017609596,0.0725160017609596,1126203
TOWER USD,TOWER-USD,2021-12-10,0.0725219994783401,0.0747940018773078,0.0640920028090477,0.0640920028090477,0.0640920028090477,882267
TOWER USD,TOWER-USD,2021-12-11,0.0640719980001449,0.0731249973177909,0.0627939999103546,0.0714540034532547,0.0714540034532547,2020462
TOWER USD,TOWER-USD,2021-12-12,0.071441002190113,0.0741799995303154,0.0682070031762123,0.0722379982471466,0.0722379982471466,1289302
TOWER USD,TOWER-USD,2021-12-13,0.0722580030560493,0.072732999920845,0.0628829970955848,0.0642160028219223,0.0642160028219223,712264
TOWER USD,TOWER-USD,2021-12-14,0.0642469972372055,0.0650649964809417,0.058093998581171,0.0602819994091987,0.0602819994091987,1101730
TOWER USD,TOWER-USD,2021-12-15,0.0608370006084442,0.0634659975767135,0.0571449995040893,0.0622759982943534,0.0622759982943534,798539
TOWER USD,TOWER-USD,2021-12-16,0.0622759982943534,0.0697119981050491,0.0612929984927177,0.0669130012392997,0.0669130012392997,1641646
TOWER USD,TOWER-USD,2021-12-17,0.0669199973344802,0.0676319971680641,0.0618130005896091,0.0628350004553794,0.0628350004553794,701571
TOWER USD,TOWER-USD,2021-12-18,0.0629099979996681,0.0630649998784065,0.0614680014550685,0.0622409991919994,0.0622409991919994,517889
TOWER USD,TOWER-USD,2021-12-19,0.0622350014746189,0.063398003578186,0.061099998652935,0.0612789988517761,0.0612789988517761,699229
TOWER USD,TOWER-USD,2021-12-20,0.0612669996917247,0.0615289993584156,0.0583150014281272,0.0607799999415874,0.0607799999415874,731174
TOWER USD,TOWER-USD,2021-12-21,0.0607809983193874,0.0617870017886161,0.0593790002167224,0.0607319995760917,0.0607319995760917,663151
TOWER USD,TOWER-USD,2021-12-22,0.0607189983129501,0.063740000128746,0.0596770010888576,0.0626379996538162,0.0626379996538162,710606
TOWER USD,TOWER-USD,2021-12-23,0.0626460015773773,0.065990999341011,0.0591440014541149,0.0641760006546974,0.0641760006546974,786926
TOWER USD,TOWER-USD,2021-12-24,0.0643180012702941,0.0691440030932426,0.0641190037131309,0.0656400024890899,0.0656400024890899,1477203
TOWER USD,TOWER-USD,2021-12-25,0.065661996603012,0.0659670010209083,0.0645949989557266,0.065600000321865,0.065600000321865,609754
TOWER USD,TOWER-USD,2021-12-26,0.0655850023031234,0.0662280023097992,0.0625300034880638,0.0652249976992607,0.0652249976992607,466493
TOWER USD,TOWER-USD,2021-12-27,0.0652189999818801,0.0675079971551895,0.0650110021233558,0.0664770007133483,0.0664770007133483,611472
TOWER USD,TOWER-USD,2021-12-28,0.0664869993925094,0.0665099993348121,0.0608250014483928,0.0622619986534118,0.0622619986534118,674267
TOWER USD,TOWER-USD,2021-12-29,0.0622959993779659,0.0631370022892952,0.0578409992158412,0.0579250007867813,0.0579250007867813,694804
TOWER USD,TOWER-USD,2021-12-30,0.0579390004277229,0.0586990006268024,0.0568739995360374,0.0569889992475509,0.0569889992475509,594690
TOWER USD,TOWER-USD,2021-12-31,0.0570009984076023,0.0570419989526271,0.053761001676321,0.0542990006506443,0.0542990006506443,533807
TOWER USD,TOWER-USD,2022-01-01,0.0543910004198551,0.0551149994134902,0.0536109991371631,0.0547839999198913,0.0547839999198913,306188
TOWER USD,TOWER-USD,2022-01-02,0.0547830015420913,0.0549140013754367,0.0535719990730285,0.0546680018305778,0.0546680018305778,170007
TOWER USD,TOWER-USD,2022-01-03,0.0546669997274875,0.0546839982271194,0.0522469989955425,0.0523339994251728,0.0523339994251728,683744
TOWER USD,TOWER-USD,2022-01-04,0.0523330010473728,0.0545650012791156,0.0516289994120597,0.0533600002527236,0.0533600002527236,468034
TOWER USD,TOWER-USD,2022-01-05,0.0533600002527236,0.0541119985282421,0.0475270003080368,0.0493450015783309,0.0493450015783309,485866
TOWER USD,TOWER-USD,2022-01-06,0.0493459999561309,0.049355998635292,0.0457770004868507,0.0475419983267784,0.0475419983267784,645136
TOWER USD,TOWER-USD,2022-01-07,0.0475400015711784,0.0475400015711784,0.0439799986779689,0.0447370000183582,0.0447370000183582,398222
TOWER USD,TOWER-USD,2022-01-08,0.0447370000183582,0.0465169996023178,0.0421570017933845,0.042773000895977,0.042773000895977,744071
TOWER USD,TOWER-USD,2022-01-09,0.042773999273777,0.043793998658657,0.0421539992094039,0.0425690002739429,0.0425690002739429,354228
TOWER USD,TOWER-USD,2022-01-10,0.0425690002739429,0.0429009981453418,0.0360849983990192,0.0366879999637603,0.0366879999637603,1479257
TOWER USD,TOWER-USD,2022-01-11,0.0366879999637603,0.0392760001122951,0.0364539995789527,0.0391880013048648,0.0391880013048648,709688
TOWER USD,TOWER-USD,2022-01-12,0.0391889996826648,0.0414550006389617,0.0383450016379356,0.0414550006389617,0.0414550006389617,363929
TOWER USD,TOWER-USD,2022-01-13,0.0414929986000061,0.042187999933958,0.0405480004847049,0.0408749990165233,0.0408749990165233,459769
TOWER USD,TOWER-USD,2022-01-14,0.0408339984714984,0.0428880006074905,0.040557000786066,0.0418080016970634,0.0418080016970634,489238
TOWER USD,TOWER-USD,2022-01-15,0.0418080016970634,0.0425719991326332,0.0412480011582374,0.0421649999916553,0.0421649999916553,162340
TOWER USD,TOWER-USD,2022-01-16,0.0421640016138553,0.0424319989979267,0.0413910001516342,0.0417409986257553,0.0417409986257553,294551
TOWER USD,TOWER-USD,2022-01-17,0.0417420007288455,0.0417510010302066,0.0397569984197616,0.0403679981827735,0.0403679981827735,141868
TOWER USD,TOWER-USD,2022-01-18,0.0403679981827735,0.0407310016453266,0.038111999630928,0.039292998611927,0.039292998611927,108540
TOWER USD,TOWER-USD,2022-01-19,0.0393650010228157,0.039436999708414,0.0375950001180172,0.0376279987394809,0.0376279987394809,226759
TOWER USD,TOWER-USD,2022-01-20,0.0376279987394809,0.0379020012915134,0.0355580002069473,0.0355580002069473,0.0355580002069473,386343
TOWER USD,TOWER-USD,2022-01-21,0.0355600006878376,0.0358919985592365,0.0291879996657371,0.0296379998326301,0.0296379998326301,336753
TOWER USD,TOWER-USD,2022-01-22,0.0296390000730752,0.0302230007946491,0.0260129999369382,0.0264630001038312,0.0264630001038312,159707
TOWER USD,TOWER-USD,2022-01-23,0.0264640003442764,0.0284960009157657,0.0263470001518726,0.0284950006753206,0.0284950006753206,298499
TOWER USD,TOWER-USD,2022-01-24,0.0284950006753206,0.0284950006753206,0.0247869994491338,0.0282840002328157,0.0282840002328157,402070
TOWER USD,TOWER-USD,2022-01-25,0.0282809995114803,0.0300810001790523,0.0273000001907348,0.0284889992326498,0.0284889992326498,147930
TOWER USD,TOWER-USD,2022-01-26,0.0285539999604225,0.0299629997462034,0.0276180002838373,0.0279690008610487,0.0279690008610487,152716
TOWER USD,TOWER-USD,2022-01-27,0.0279670003801584,0.02802300080657,0.0266769994050264,0.0278430003672838,0.0278430003672838,106351
TOWER USD,TOWER-USD,2022-01-28,0.0278420001268386,0.0288260001689195,0.0270659998059272,0.0286020003259181,0.0286020003259181,154601
TOWER USD,TOWER-USD,2022-01-29,0.0286020003259181,0.0310910008847713,0.0284809991717338,0.0303899999707937,0.0303899999707937,358131
TOWER USD,TOWER-USD,2022-01-30,0.0303910002112388,0.0309170000255107,0.0284260008484125,0.0288229994475841,0.0288229994475841,242812
TOWER USD,TOWER-USD,2022-01-31,0.0288229994475841,0.032515998929739,0.0288229994475841,0.0312619991600513,0.0312619991600513,537944
TOWER USD,TOWER-USD,2022-02-01,0.0312619991600513,0.0320729985833168,0.0309500005096197,0.0315110012888908,0.0315110012888908,201765
TOWER USD,TOWER-USD,2022-02-02,0.0315110012888908,0.0318289995193481,0.0292130000889301,0.0293879993259906,0.0293879993259906,119215
TOWER USD,TOWER-USD,2022-02-03,0.0293860007077455,0.0296270009130239,0.0273710004985332,0.0277089998126029,0.0277089998126029,329539
TOWER USD,TOWER-USD,2022-02-04,0.0277069993317127,0.0300939995795488,0.0276229996234178,0.0300060007721185,0.0300060007721185,203614
TOWER USD,TOWER-USD,2022-02-05,0.0300060007721185,0.0308759994804859,0.0297679994255304,0.0302300006151199,0.0302300006151199,191825
TOWER USD,TOWER-USD,2022-02-06,0.0302269998937845,0.0309529993683099,0.0298939999192953,0.0305770002305507,0.0305770002305507,194101
TOWER USD,TOWER-USD,2022-02-07,0.0305749997496604,0.0329300016164779,0.0302700009196996,0.0323770008981227,0.0323770008981227,422669
TOWER USD,TOWER-USD,2022-02-08,0.0323319993913173,0.0336049981415271,0.0317890010774135,0.0330279991030693,0.0330279991030693,541933
TOWER USD,TOWER-USD,2022-02-09,0.033025000244379,0.0354899987578392,0.0321739986538887,0.0354829989373683,0.0354829989373683,678209
TOWER USD,TOWER-USD,2022-02-10,0.0354779995977878,0.0359489992260932,0.0342760011553764,0.0343919992446899,0.0343919992446899,353206
TOWER USD,TOWER-USD,2022-02-11,0.0343930013477802,0.0346579998731613,0.0304249990731477,0.0307359993457794,0.0307359993457794,609655
TOWER USD,TOWER-USD,2022-02-12,0.0307369995862245,0.0308139994740486,0.0294179990887641,0.0297570005059242,0.0297570005059242,419321
TOWER USD,TOWER-USD,2022-02-13,0.029756000265479,0.0301649998873472,0.0290639996528625,0.0290859993547201,0.0290859993547201,173873
TOWER USD,TOWER-USD,2022-02-14,0.0290830004960298,0.0291499998420476,0.0259089991450309,0.0265769995748996,0.0265769995748996,1222839
TOWER USD,TOWER-USD,2022-02-15,0.0265759993344545,0.0288089998066425,0.0264880005270242,0.0286810006946325,0.0286810006946325,1533874
TOWER USD,TOWER-USD,2022-02-16,0.0286740008741617,0.0286819990724325,0.027072999626398,0.0274989996105432,0.0274989996105432,604069
TOWER USD,TOWER-USD,2022-02-17,0.0274969991296529,0.0281750001013278,0.0260010007768869,0.0261259991675615,0.0261259991675615,477292
TOWER USD,TOWER-USD,2022-02-18,0.0261279996484518,0.028048999607563,0.0257890000939369,0.0266869999468326,0.0266869999468326,870475
TOWER USD,TOWER-USD,2022-02-19,0.0266830008476972,0.0269329994916915,0.0257019996643066,0.0259169992059469,0.0259169992059469,524148
TOWER USD,TOWER-USD,2022-02-20,0.0259160008281469,0.0259589999914169,0.0239610001444816,0.0243059992790222,0.0243059992790222,896827
TOWER USD,TOWER-USD,2022-02-21,0.0243059992790222,0.0252139996737241,0.0221929997205734,0.0221929997205734,0.0221929997205734,1330593
TOWER USD,TOWER-USD,2022-02-22,0.0221929997205734,0.0229449998587369,0.0216550007462501,0.0225779991596937,0.0225779991596937,1014274
TOWER USD,TOWER-USD,2022-02-23,0.0225779991596937,0.0233260001987218,0.021824000403285,0.0219960007816553,0.0219960007816553,999591
TOWER USD,TOWER-USD,2022-02-24,0.0219969991594553,0.0219969991594553,0.0194799993187189,0.0209909994155168,0.0209909994155168,1105800
TOWER USD,TOWER-USD,2022-02-25,0.0209999997168779,0.0219749994575977,0.0207720007747411,0.0217460002750158,0.0217460002750158,942977
TOWER USD,TOWER-USD,2022-02-26,0.0217460002750158,0.0225799996405839,0.0216349996626377,0.0216569993644952,0.0216569993644952,345335
TOWER USD,TOWER-USD,2022-02-27,0.0216559991240501,0.0219349991530179,0.0207080002874135,0.0208620000630617,0.0208620000630617,888255
TOWER USD,TOWER-USD,2022-02-28,0.0208620000630617,0.0218959990888834,0.020160999149084,0.021781999617815,0.021781999617815,1137201
TOWER USD,TOWER-USD,2022-03-01,0.0217749997973442,0.0229829996824264,0.0217339992523193,0.0228109993040561,0.0228109993040561,558280
TOWER USD,TOWER-USD,2022-03-02,0.0228109993040561,0.0238780006766319,0.0226579997688531,0.0228070002049207,0.0228070002049207,967335
TOWER USD,TOWER-USD,2022-03-03,0.0228070002049207,0.0229039993137121,0.0218320004642009,0.0219810009002685,0.0219810009002685,779901
TOWER USD,TOWER-USD,2022-03-04,0.0219810009002685,0.0219950005412101,0.0203070007264614,0.0204240009188652,0.0204240009188652,839461
TOWER USD,TOWER-USD,2022-03-05,0.0204249992966651,0.0217860005795955,0.0202879998832941,0.0216879993677139,0.0216879993677139,857884
TOWER USD,TOWER-USD,2022-03-06,0.0216879993677139,0.0217899996787309,0.0206049997359514,0.0206049997359514,0.0206049997359514,1762132
TOWER USD,TOWER-USD,2022-03-07,0.0206039994955062,0.0211270004510879,0.0196310002356767,0.0200340002775192,0.0200340002775192,1128905
TOWER USD,TOWER-USD,2022-03-08,0.020033000037074,0.020313000306487,0.0196460001170635,0.0197870004922151,0.0197870004922151,1033513
TOWER USD,TOWER-USD,2022-03-09,0.0197880007326602,0.0209899991750717,0.019760999828577,0.0205400008708238,0.0205400008708238,951719
TOWER USD,TOWER-USD,2022-03-10,0.0205400008708238,0.0205400008708238,0.0193249993026256,0.0195289999246597,0.0195289999246597,930674
TOWER USD,TOWER-USD,2022-03-11,0.0195289999246597,0.0197960007935762,0.0189440008252859,0.0190529990941286,0.0190529990941286,805311
TOWER USD,TOWER-USD,2022-03-12,0.0190539993345737,0.0192469991743564,0.0189640000462532,0.0190399996936321,0.0190399996936321,737478
TOWER USD,TOWER-USD,2022-03-13,0.0190389994531869,0.0199870001524686,0.0188319999724626,0.0188340004533529,0.0188340004533529,1089112
TOWER USD,TOWER-USD,2022-03-14,0.0188340004533529,0.0192479994148015,0.0186250004917383,0.0191910006105899,0.0191910006105899,795034
TOWER USD,TOWER-USD,2022-03-15,0.0191900003701448,0.0199829991906881,0.0189399998635053,0.0195419993251562,0.0195419993251562,610050
TOWER USD,TOWER-USD,2022-03-16,0.0195419993251562,0.0200970005244016,0.0190810002386569,0.0196499992161989,0.0196499992161989,407997
TOWER USD,TOWER-USD,2022-03-17,0.0196499992161989,0.0200360007584095,0.0195729993283748,0.0197049994021654,0.0197049994021654,102866
TOWER USD,TOWER-USD,2022-03-18,0.0197039991617202,0.020270999521017,0.019378000870347,0.0201040003448724,0.0201040003448724,408906
TOWER USD,TOWER-USD,2022-03-19,0.0201030001044273,0.0206659995019435,0.0200180001556873,0.0202440004795789,0.0202440004795789,730436
TOWER USD,TOWER-USD,2022-03-20,0.0202450007200241,0.0210580006241798,0.019158000126481,0.019200999289751,0.019200999289751,99724
TOWER USD,TOWER-USD,2022-03-21,0.019200000911951,0.0198640003800392,0.0191569998860359,0.0197940003126859,0.0197940003126859,201835
TOWER USD,TOWER-USD,2022-03-22,0.0197940003126859,0.0204470008611679,0.0194899998605251,0.0200280006974935,0.0200280006974935,330868
TOWER USD,TOWER-USD,2022-03-23,0.0200280006974935,0.0201190002262592,0.0196419991552829,0.0200510006397962,0.0200510006397962,350610
TOWER USD,TOWER-USD,2022-03-24,0.0200500003993511,0.0224290005862712,0.0200069993734359,0.0209619998931884,0.0209619998931884,936349
TOWER USD,TOWER-USD,2022-03-25,0.0209619998931884,0.0218710005283355,0.0207850001752376,0.0210800003260374,0.0210800003260374,607055
TOWER USD,TOWER-USD,2022-03-26,0.0210800003260374,0.0212089996784925,0.0207339990884065,0.0211229994893074,0.0211229994893074,534927
TOWER USD,TOWER-USD,2022-03-27,0.0211249999701976,0.0218180008232593,0.020966000854969,0.0218029990792274,0.0218029990792274,675794
TOWER USD,TOWER-USD,2022-03-28,0.0218059998005628,0.0229589994996786,0.0217700004577636,0.0222989991307258,0.0222989991307258,1169065
TOWER USD,TOWER-USD,2022-03-29,0.0222960002720356,0.0227230004966259,0.0220320001244545,0.0222059991210699,0.0222059991210699,1654654
TOWER USD,TOWER-USD,2022-03-30,0.0222059991210699,0.0248559992760419,0.0219180006533861,0.0246130004525184,0.0246130004525184,4075358
TOWER USD,TOWER-USD,2022-03-31,0.0246130004525184,0.0275120008736848,0.024567000567913,0.0260150004178285,0.0260150004178285,5283678
TOWER USD,TOWER-USD,2022-04-01,0.0260160006582736,0.029424000531435,0.0257029999047517,0.0293949991464614,0.0293949991464614,4106774
TOWER USD,TOWER-USD,2022-04-02,0.0293949991464614,0.0321019999682903,0.0293530002236366,0.030979000031948,0.030979000031948,6306020
TOWER USD,TOWER-USD,2022-04-03,0.0309800002723932,0.0313879996538162,0.0302179995924234,0.0305610001087188,0.0305610001087188,6975078
TOWER USD,TOWER-USD,2022-04-04,0.0305599998682737,0.0305599998682737,0.0277030002325773,0.0281899999827146,0.0281899999827146,7354452
TOWER USD,TOWER-USD,2022-04-05,0.0281980000436306,0.028328999876976,0.0269039999693632,0.0269039999693632,0.0269039999693632,3447619
TOWER USD,TOWER-USD,2022-04-06,0.0269039999693632,0.0269039999693632,0.0241480004042387,0.0243030004203319,0.0243030004203319,3728586
TOWER USD,TOWER-USD,2022-04-07,0.0243020001798868,0.0246799997985363,0.0239010006189346,0.0240369997918605,0.0240369997918605,2290447
TOWER USD,TOWER-USD,2022-04-08,0.0240369997918605,0.024957999587059,0.0230960007756948,0.0231010001152753,0.0231010001152753,2178932
TOWER USD,TOWER-USD,2022-04-09,0.0231030005961656,0.0237450003623962,0.0230500008910894,0.0237440001219511,0.0237440001219511,2713130
TOWER USD,TOWER-USD,2022-04-10,0.0237450003623962,0.0241439994424581,0.0234839990735054,0.0234939996153116,0.0234939996153116,3686755
TOWER USD,TOWER-USD,2022-04-11,0.0234820004552602,0.0234820004552602,0.0213169995695352,0.0213760007172822,0.0213760007172822,2594793
TOWER USD,TOWER-USD,2022-04-12,0.0213769990950822,0.0220560003072023,0.0210890006273984,0.0215259995311498,0.0215259995311498,2972638
TOWER USD,TOWER-USD,2022-04-13,0.0215319991111755,0.023199999704957,0.0215210001915693,0.0230020005255937,0.0230020005255937,3685382
TOWER USD,TOWER-USD,2022-04-14,0.0230030007660388,0.0233910009264946,0.0221560001373291,0.0222009997814893,0.0222009997814893,2832514
TOWER USD,TOWER-USD,2022-04-15,0.0222009997814893,0.0222880002111196,0.0215160008519887,0.021756000816822,0.021756000816822,1713883
TOWER USD,TOWER-USD,2022-04-16,0.021756000816822,0.0217700004577636,0.0211020000278949,0.0212489999830722,0.0212489999830722,2398841
TOWER USD,TOWER-USD,2022-04-17,0.0212479997426271,0.0212479997426271,0.0205559991300106,0.0205559991300106,0.0205559991300106,1467842
TOWER USD,TOWER-USD,2022-04-18,0.0205579996109008,0.0206719990819692,0.0195039995014667,0.0203300006687641,0.0203300006687641,1805094
TOWER USD,TOWER-USD,2022-04-19,0.0203310009092092,0.0224389992654323,0.019888000562787,0.0217540003359317,0.0217540003359317,2879311
TOWER USD,TOWER-USD,2022-04-20,0.0217530000954866,0.0223529990762472,0.021170999854803,0.0213220007717609,0.0213220007717609,2540219
TOWER USD,TOWER-USD,2022-04-21,0.0213210005313158,0.0213680006563663,0.0202200002968311,0.0204249992966651,0.0204249992966651,2140967
TOWER USD,TOWER-USD,2022-04-22,0.0204249992966651,0.0206419993191957,0.0200280006974935,0.020075000822544,0.020075000822544,1938149
TOWER USD,TOWER-USD,2022-04-23,0.020075000822544,0.0202399995177984,0.0197839997708797,0.0197899993509054,0.0197899993509054,2852053
TOWER USD,TOWER-USD,2022-04-24,0.0197899993509054,0.0198679994791746,0.019310999661684,0.0195209998637437,0.0195209998637437,2561299
TOWER USD,TOWER-USD,2022-04-25,0.0195279996842145,0.0195369999855756,0.0175969991832971,0.0181549992412328,0.0181549992412328,2593482
TOWER USD,TOWER-USD,2022-04-26,0.0181540008634328,0.0181820001453161,0.0164889991283416,0.0169220007956028,0.0169220007956028,2265635
TOWER USD,TOWER-USD,2022-04-27,0.0169220007956028,0.0199549999088048,0.0169220007956028,0.0177950002253055,0.0177950002253055,3723553
TOWER USD,TOWER-USD,2022-04-28,0.0177939999848604,0.0187270008027553,0.0176890008151531,0.0181389991194009,0.0181389991194009,1911611
TOWER USD,TOWER-USD,2022-04-29,0.0181380007416009,0.0187379997223615,0.0175919998437166,0.0178609993308782,0.0178609993308782,1713282
TOWER USD,TOWER-USD,2022-04-30,0.0178590007126331,0.0188800003379583,0.0174230001866817,0.0175039991736412,0.0175039991736412,1354188
TOWER USD,TOWER-USD,2022-05-01,0.0175119992345571,0.0177299994975328,0.0170339997857809,0.0172930005937814,0.0172930005937814,1174190
TOWER USD,TOWER-USD,2022-05-02,0.0172949992120265,0.0175519995391368,0.0163260009139776,0.0165459997951984,0.0165459997951984,954057
TOWER USD,TOWER-USD,2022-05-03,0.0165519993752241,0.0170029997825622,0.0159639995545148,0.0160009991377592,0.0160009991377592,396702
TOWER USD,TOWER-USD,2022-05-04,0.0160009991377592,0.0164950005710124,0.0157169997692108,0.0163669995963573,0.0163669995963573,191208
TOWER USD,TOWER-USD,2022-05-05,0.0163630004972219,0.0165129993110895,0.0145549997687339,0.0147639997303485,0.0147639997303485,206581
TOWER USD,TOWER-USD,2022-05-06,0.014763000421226,0.0147850001230835,0.0137130003422498,0.0137400003150105,0.0137400003150105,674310
TOWER USD,TOWER-USD,2022-05-07,0.0137419998645782,0.0137710003182291,0.0129380002617836,0.0131090003997087,0.0131090003997087,767302
TOWER USD,TOWER-USD,2022-05-08,0.0131029998883605,0.0131120001897215,0.0120649999007582,0.0120750004425644,0.0120750004425644,958125
TOWER USD,TOWER-USD,2022-05-09,0.0120729999616742,0.012168999761343,0.0103280004113912,0.0103280004113912,0.0103280004113912,765981
TOWER USD,TOWER-USD,2022-05-10,0.010335000231862,0.0111300004646182,0.0100729996338486,0.0107140000909566,0.0107140000909566,935248
TOWER USD,TOWER-USD,2022-05-11,0.0107089998200535,0.0109689999371767,0.0078180003911256,0.0078210001811385,0.0078210001811385,855032
TOWER USD,TOWER-USD,2022-05-12,0.0079150004312396,0.0083839995786547,0.0065230000764131,0.0071910000406205,0.0071910000406205,961353
TOWER USD,TOWER-USD,2022-05-13,0.0071899998001754,0.0083670001477003,0.0071370000950992,0.0078389998525381,0.0078389998525381,847967
TOWER USD,TOWER-USD,2022-05-14,0.0078389998525381,0.0080829998478293,0.0073919999413192,0.0077200001105666,0.0077200001105666,727274
TOWER USD,TOWER-USD,2022-05-15,0.0077209998853504,0.0079150004312396,0.0074430000968277,0.0078980000689625,0.0078980000689625,785872
TOWER USD,TOWER-USD,2022-05-16,0.0078980000689625,0.0078980000689625,0.0065529998391866,0.0065569998696446,0.0065569998696446,1066350
TOWER USD,TOWER-USD,2022-05-17,0.0065589998848736,0.0067079998552799,0.0062910001724958,0.0063689998351037,0.0063689998351037,1390460
TOWER USD,TOWER-USD,2022-05-18,0.0063689998351037,0.0064400001429021,0.0057040001265704,0.005717999767512,0.005717999767512,904245
TOWER USD,TOWER-USD,2022-05-19,0.005719999782741,0.0061610001139342,0.0056300000287592,0.0061320001259446,0.0061320001259446,1070019
TOWER USD,TOWER-USD,2022-05-20,0.0061260000802576,0.0062449998222291,0.0054500000551342,0.0058880001306533,0.0058880001306533,1021675
TOWER USD,TOWER-USD,2022-05-21,0.0058869998902082,0.0059790001250803,0.0057919998653233,0.0058220000937581,0.0058220000937581,935452
TOWER USD,TOWER-USD,2022-05-22,0.0058209998533129,0.0060760001651942,0.0057990001514554,0.0059079998172819,0.0059079998172819,795361
TOWER USD,TOWER-USD,2022-05-23,0.0059070000424981,0.0061289998702704,0.0057549998164176,0.0058019999414682,0.0058019999414682,844635
TOWER USD,TOWER-USD,2022-05-24,0.0058019999414682,0.0058519998565316,0.0055340002290904,0.005642999894917,0.005642999894917,393344
TOWER USD,TOWER-USD,2022-05-25,0.0056440001353621,0.0057910000905394,0.0054939999245107,0.0055189998820424,0.0055189998820424,446836
TOWER USD,TOWER-USD,2022-05-26,0.0055189998820424,0.0055749998427927,0.0051540001295506,0.0051540001295506,0.0051540001295506,428989
TOWER USD,TOWER-USD,2022-05-27,0.0051520001143217,0.0051600001752376,0.0047590001486241,0.0047960001975297,0.0047960001975297,547736
TOWER USD,TOWER-USD,2022-05-28,0.0048509999178349,0.0051040002144873,0.0047789998352527,0.0050449999980628,0.0050449999980628,537267
TOWER USD,TOWER-USD,2022-05-29,0.0050470000132918,0.0052000000141561,0.0049689998850226,0.0051959999836981,0.0051959999836981,501454
TOWER USD,TOWER-USD,2022-05-30,0.0051959999836981,0.0054640001617372,0.0051540001295506,0.0053940000943839,0.0053940000943839,486808
TOWER USD,TOWER-USD,2022-05-31,0.0053940000943839,0.0054120002314448,0.0050459997728466,0.0050989999435842,0.0050989999435842,164192
TOWER USD,TOWER-USD,2022-06-01,0.0051000001840293,0.005107999779284,0.0047240001149475,0.0047980002127587,0.0047980002127587,147802
TOWER USD,TOWER-USD,2022-06-02,0.0048019997775554,0.00484099984169,0.0045440001413226,0.0047189998440444,0.0047189998440444,157209
TOWER USD,TOWER-USD,2022-06-03,0.0047149998135864,0.0047470000572502,0.0043919999152421,0.0044229999184608,0.0044229999184608,60812
TOWER USD,TOWER-USD,2022-06-04,0.0044220001436769,0.0055049997754395,0.0043460000306367,0.0048810001462697,0.0048810001462697,651255
TOWER USD,TOWER-USD,2022-06-05,0.0048810001462697,0.0053229997865855,0.0046219998039305,0.0051790000870823,0.0051790000870823,512042
TOWER USD,TOWER-USD,2022-06-06,0.0051819998770952,0.0053420001640915,0.0049200002104043,0.004947000183165,0.004947000183165,221104
TOWER USD,TOWER-USD,2022-06-07,0.004947000183165,0.0049499999731779,0.004579999949783,0.0047089997678995,0.0047089997678995,122151
TOWER USD,TOWER-USD,2022-06-08,0.0047079999931156,0.0055160000920295,0.0046370001509785,0.0051770000718533,0.0051770000718533,562661
TOWER USD,TOWER-USD,2022-06-09,0.0051770000718533,0.0052689998410642,0.0050229998305439,0.005040000192821,0.005040000192821,146446
TOWER USD,TOWER-USD,2022-06-10,0.0050389999523758,0.0051839998923242,0.0046580000780522,0.0047100000083446,0.0047100000083446,104886
TOWER USD,TOWER-USD,2022-06-11,0.0047070002183318,0.0047769998200237,0.004313999786973,0.004323000088334,0.004323000088334,45229
TOWER USD,TOWER-USD,2022-06-12,0.004323000088334,0.004335000179708,0.0039360001683235,0.0039360001683235,0.0039360001683235,57292
TOWER USD,TOWER-USD,2022-06-13,0.0039389999583363,0.0039389999583363,0.0031620000954717,0.003400000045076,0.003400000045076,127639
TOWER USD,TOWER-USD,2022-06-14,0.0034010000526905,0.0034709998872131,0.0031359998974949,0.0032339999452233,0.0032339999452233,117249
TOWER USD,TOWER-USD,2022-06-15,0.0032319999299943,0.0033289999701082,0.0028880001045763,0.0033080000430345,0.0033080000430345,116190
TOWER USD,TOWER-USD,2022-06-16,0.003309000050649,0.0033299999777227,0.0029500001110136,0.0029710000380873,0.0029710000380873,148219
TOWER USD,TOWER-USD,2022-06-17,0.0029710000380873,0.0031109999399632,0.0029219998978078,0.0029519998934119,0.0029519998934119,35215
TOWER USD,TOWER-USD,2022-06-18,0.0029519998934119,0.0029740000609308,0.0025700000114738,0.002769999904558,0.002769999904558,28948
TOWER USD,TOWER-USD,2022-06-19,0.002769999904558,0.0033780001103878,0.0026320000179111,0.0031169999856501,0.0031169999856501,307226
TOWER USD,TOWER-USD,2022-06-20,0.0031169999856501,0.0032289999071508,0.0029859999194741,0.0031119999475777,0.0031119999475777,103683
TOWER USD,TOWER-USD,2022-06-21,0.0031129999551922,0.0032639999408274,0.0030710001010447,0.0031059999018907,0.0031059999018907,63603
TOWER USD,TOWER-USD,2022-06-22,0.0031069999095052,0.0031550000421702,0.0029279999434947,0.0029400000348687,0.0029400000348687,81059
TOWER USD,TOWER-USD,2022-06-23,0.0029400000348687,0.0031260000541806,0.0029339999891817,0.0031230000313371,0.0031230000313371,44097
TOWER USD,TOWER-USD,2022-06-24,0.0031210000161081,0.003258999902755,0.0031069999095052,0.0032329999376088,0.0032329999376088,50791
TOWER USD,TOWER-USD,2022-06-25,0.0032339999452233,0.0034680000972002,0.0031620000954717,0.0033450000919401,0.0033450000919401,210889
TOWER USD,TOWER-USD,2022-06-26,0.0033450000919401,0.0033579999580979,0.0031669999007135,0.0031669999007135,0.0031669999007135,89751
TOWER USD,TOWER-USD,2022-06-27,0.0031669999007135,0.0032190000638365,0.0030459999106824,0.0031530000269412,0.0031530000269412,96134
TOWER USD,TOWER-USD,2022-06-28,0.0031530000269412,0.003216000040993,0.0030429998878389,0.0030449999030679,0.0030449999030679,40340
TOWER USD,TOWER-USD,2022-06-29,0.0030459999106824,0.0033120000734925,0.0029970000032335,0.0030900000128895,0.0030900000128895,156013
TOWER USD,TOWER-USD,2022-06-30,0.0030900000128895,0.0030950000509619,0.0028739999979734,0.0029680000152438,0.0029680000152438,45797
TOWER USD,TOWER-USD,2022-07-01,0.0029700000304728,0.0030439998954534,0.0029370000120252,0.0029810001142323,0.0029810001142323,33291
TOWER USD,TOWER-USD,2022-07-02,0.0029810001142323,0.0032480000518262,0.0029160000849515,0.0030360000673681,0.0030360000673681,155845
TOWER USD,TOWER-USD,2022-07-03,0.0030360000673681,0.0030410001054406,0.0029460000805556,0.002991999965161,0.002991999965161,45222
TOWER USD,TOWER-USD,2022-07-04,0.0029819998890161,0.0031260000541806,0.0029400000348687,0.0031190000008791,0.0031190000008791,233715
TOWER USD,TOWER-USD,2022-07-05,0.0031190000008791,0.0032299999147653,0.0030090000946074,0.0030960000585764,0.0030960000585764,177099
TOWER USD,TOWER-USD,2022-07-06,0.0030960000585764,0.0031669999007135,0.0030539999715983,0.0031550000421702,0.0031550000421702,52861
TOWER USD,TOWER-USD,2022-07-07,0.0031550000421702,0.0032879998907446,0.0030920000281184,0.0032450000289827,0.0032450000289827,30030
TOWER USD,TOWER-USD,2022-07-08,0.0032470000442117,0.0033009999897331,0.0031620000954717,0.0032760000322014,0.0032760000322014,38424
TOWER USD,TOWER-USD,2022-07-09,0.0032750000245869,0.0033680000342428,0.003220000071451,0.0033189998939633,0.0033189998939633,42148
TOWER USD,TOWER-USD,2022-07-10,0.0033080000430345,0.0033080000430345,0.0030950000509619,0.0030970000661909,0.0030970000661909,45315
TOWER USD,TOWER-USD,2022-07-11,0.0030980000738054,0.0031590000726282,0.0030189999379217,0.0030420001130551,0.0030420001130551,46796
TOWER USD,TOWER-USD,2022-07-12,0.0030420001130551,0.0030690000858157,0.0029690000228583,0.0029700000304728,0.0029700000304728,27768
TOWER USD,TOWER-USD,2022-07-13,0.0029700000304728,0.0031270000617951,0.0029029999859631,0.0031270000617951,0.0031270000617951,24975
TOWER USD,TOWER-USD,2022-07-14,0.0031270000617951,0.0031349998898804,0.00299399998039,0.0031149999704211,0.0031149999704211,60118
TOWER USD,TOWER-USD,2022-07-15,0.0031159999780356,0.0031850000377744,0.0030859999824315,0.0031320000998675,0.0031320000998675,46154
TOWER USD,TOWER-USD,2022-07-16,0.0031340001150965,0.0034640000667423,0.0030950000509619,0.0033420000690966,0.0033420000690966,112306
TOWER USD,TOWER-USD,2022-07-17,0.0033430000767111,0.0033629999961704,0.0032599999103695,0.0033199999015778,0.0033199999015778,64182
TOWER USD,TOWER-USD,2022-07-18,0.0033199999015778,0.003614000044763,0.003303000004962,0.0036100000143051,0.0036100000143051,55211
TOWER USD,TOWER-USD,2022-07-19,0.0036100000143051,0.0036379999946802,0.0035079999361187,0.0035600000992417,0.0035600000992417,79566
TOWER USD,TOWER-USD,2022-07-20,0.0035600000992417,0.0039900001138448,0.0035190000198781,0.0037869999650865,0.0037869999650865,268304
TOWER USD,TOWER-USD,2022-07-21,0.0037869999650865,0.0038399999029934,0.0036039999686181,0.0036790000740438,0.0036790000740438,120417
TOWER USD,TOWER-USD,2022-07-22,0.0036800000816583,0.0040600001811981,0.0036800000816583,0.0037380000576376,0.0037380000576376,205691
TOWER USD,TOWER-USD,2022-07-23,0.0037380000576376,0.0039380001835525,0.0037279999814927,0.0039140000008046,0.0039140000008046,100783
TOWER USD,TOWER-USD,2022-07-24,0.0039140000008046,0.0040049999952316,0.0036919999402016,0.0036919999402016,0.0036919999402016,148566
TOWER USD,TOWER-USD,2022-07-25,0.0036939999554306,0.0037000000011175,0.0034020000603049,0.0034050000831484,0.0034050000831484,55503
TOWER USD,TOWER-USD,2022-07-26,0.0034040000755339,0.0034189999569207,0.0032540000975131,0.0033509999047964,0.0033509999047964,47917
TOWER USD,TOWER-USD,2022-07-27,0.0033519999124109,0.0035929998848587,0.0033380000386387,0.0035910001024603,0.0035910001024603,41762
TOWER USD,TOWER-USD,2022-07-28,0.0035900000948458,0.0037670000456273,0.0035159999970346,0.0036780000664293,0.0036780000664293,48782
TOWER USD,TOWER-USD,2022-07-29,0.0036760000512003,0.0037529999390244,0.0035949999000877,0.0037040000315755,0.0037040000315755,64388
TOWER USD,TOWER-USD,2022-07-30,0.003703000023961,0.0038260000292211,0.0036400000099092,0.0036450000479817,0.0036450000479817,40044
TOWER USD,TOWER-USD,2022-07-31,0.0036440000403672,0.0037819999270141,0.0036430000327527,0.0036919999402016,0.0036919999402016,27598
TOWER USD,TOWER-USD,2022-08-01,0.0036939999554306,0.003709000069648,0.0035570000763982,0.0035780000034719,0.0035780000034719,36257
TOWER USD,TOWER-USD,2022-08-02,0.0035769999958574,0.0035989999305456,0.0034109998960047,0.0035200000274926,0.0035200000274926,47938
TOWER USD,TOWER-USD,2022-08-03,0.0035180000122636,0.0035180000122636,0.0034260000102221,0.0034390001092106,0.0034390001092106,68126
TOWER USD,TOWER-USD,2022-08-04,0.0034390001092106,0.0034960000775754,0.0033909999765455,0.0034439999144524,0.0034439999144524,95509
TOWER USD,TOWER-USD,2022-08-05,0.0034439999144524,0.0036079999990761,0.0034179999493062,0.0036079999990761,0.0036079999990761,91404
TOWER USD,TOWER-USD,2022-08-06,0.0036079999990761,0.0043399999849498,0.0035910001024603,0.00370500003919,0.00370500003919,533609
TOWER USD,TOWER-USD,2022-08-07,0.0037040000315755,0.0038270000368356,0.0036750000435858,0.003785999957472,0.003785999957472,83710
TOWER USD,TOWER-USD,2022-08-08,0.003785999957472,0.0039550000801682,0.0037829999346286,0.003880999982357,0.003880999982357,57291
TOWER USD,TOWER-USD,2022-08-09,0.003882999997586,0.0039229998365044,0.0037340000271797,0.0037650000303983,0.0037650000303983,29717
TOWER USD,TOWER-USD,2022-08-10,0.0037630000151693,0.0039389999583363,0.0036879999097436,0.0039160000160336,0.0039160000160336,20049
TOWER USD,TOWER-USD,2022-08-11,0.0039160000160336,0.0039750002324581,0.0038509999867528,0.0038590000476688,0.0038590000476688,43624
TOWER USD,TOWER-USD,2022-08-12,0.0038600000552833,0.0039389999583363,0.0038429999258369,0.0039220000617206,0.0039220000617206,39952
TOWER USD,TOWER-USD,2022-08-13,0.0039240000769495,0.0040460000745952,0.0039160000160336,0.0039470000192523,0.0039470000192523,50824
TOWER USD,TOWER-USD,2022-08-14,0.0039479997940361,0.0040029999800026,0.0038330000825226,0.0038600000552833,0.0038600000552833,31447
TOWER USD,TOWER-USD,2022-08-15,0.0038580000400543,0.0044399998150765,0.0037819999270141,0.004042999818921,0.004042999818921,593708
TOWER USD,TOWER-USD,2022-08-16,0.0040420000441372,0.004499000031501,0.0040040002204477,0.0041240002028644,0.0041240002028644,355105
TOWER USD,TOWER-USD,2022-08-17,0.0041240002028644,0.0041990000754594,0.0039079999551177,0.0039130002260208,0.0039130002260208,46327
TOWER USD,TOWER-USD,2022-08-18,0.0039140000008046,0.0040130000561475,0.003876999951899,0.0038819999899715,0.0038819999899715,46082
TOWER USD,TOWER-USD,2022-08-19,0.0038819999899715,0.0038819999899715,0.0034900000318884,0.0034940000623464,0.0034940000623464,89318
TOWER USD,TOWER-USD,2022-08-20,0.0034890000242739,0.0035850000567734,0.0033710000570863,0.0034380001015961,0.0034380001015961,48468
TOWER USD,TOWER-USD,2022-08-21,0.0034380001015961,0.0036369999870657,0.0034350000787526,0.0036190000828355,0.0036190000828355,36397
TOWER USD,TOWER-USD,2022-08-22,0.0036210000980645,0.0038660001009702,0.0034900000318884,0.0037720000836998,0.0037720000836998,130965
TOWER USD,TOWER-USD,2022-08-23,0.0037670000456273,0.0039369999431073,0.0037239999510347,0.0038620000705122,0.0038620000705122,81602
TOWER USD,TOWER-USD,2022-08-24,0.0038620000705122,0.00387499993667,0.0037609999999403,0.0038000000640749,0.0038000000640749,54718
TOWER USD,TOWER-USD,2022-08-25,0.0037990000564604,0.0038930000737309,0.0037680000532418,0.0038079998921602,0.0038079998921602,36590
TOWER USD,TOWER-USD,2022-08-26,0.0038069998845458,0.0040059997700154,0.0035399999469518,0.0035500000230968,0.0035500000230968,161700
TOWER USD,TOWER-USD,2022-08-27,0.0035500000230968,0.0036150000523775,0.0034769999329,0.0035580000840127,0.0035580000840127,51418
TOWER USD,TOWER-USD,2022-08-28,0.0035570000763982,0.003571999957785,0.0034270000178366,0.0034270000178366,0.0034270000178366,33826
TOWER USD,TOWER-USD,2022-08-29,0.0034260000102221,0.0035860000643879,0.0034060000907629,0.0035800000187009,0.0035800000187009,54263
TOWER USD,TOWER-USD,2022-08-30,0.0035780000034719,0.0036349999718368,0.003472999902442,0.0035129999741911,0.0035129999741911,30303
TOWER USD,TOWER-USD,2022-08-31,0.0035149999894201,0.0036090000066906,0.0035149999894201,0.003531000111252,0.003531000111252,79061
TOWER USD,TOWER-USD,2022-09-01,0.0035329998936504,0.0036899999249726,0.0034839999862015,0.0036659999750554,0.0036659999750554,203210
TOWER USD,TOWER-USD,2022-09-02,0.0036649999674409,0.0038379998877644,0.003618000075221,0.0036750000435858,0.0036750000435858,233347
TOWER USD,TOWER-USD,2022-09-03,0.0036710000131279,0.0036830001045018,0.0036100000143051,0.0036810000892728,0.0036810000892728,156804
TOWER USD,TOWER-USD,2022-09-04,0.0036810000892728,0.0039160000160336,0.0036679999902844,0.0038419999182224,0.0038419999182224,297737
TOWER USD,TOWER-USD,2022-09-05,0.0038419999182224,0.0038660001009702,0.0037720000836998,0.0038250000216066,0.0038250000216066,135987
TOWER USD,TOWER-USD,2022-09-06,0.0038250000216066,0.0039340001530945,0.0036539998836815,0.003658999921754,0.003658999921754,182433
TOWER USD,TOWER-USD,2022-09-07,0.003658999921754,0.0037390000652521,0.0035709999501705,0.0037189999129623,0.0037189999129623,100033
TOWER USD,TOWER-USD,2022-09-08,0.0037199999205768,0.0040270001627504,0.003703000023961,0.0039090001955628,0.0039090001955628,192316
TOWER USD,TOWER-USD,2022-09-09,0.0039099999703466,0.0041950000450015,0.0039070001803338,0.0041579999960958,0.0041579999960958,241659
TOWER USD,TOWER-USD,2022-09-10,0.0041609997861087,0.0041899997740983,0.0041049998253583,0.004153000190854,0.004153000190854,145966
TOWER USD,TOWER-USD,2022-09-11,0.004155000206083,0.0041899997740983,0.0041209999471902,0.0041800001636147,0.0041800001636147,86991
TOWER USD,TOWER-USD,2022-09-12,0.0041809999383986,0.0043680001981556,0.0041290000081062,0.004323000088334,0.004323000088334,135125
TOWER USD,TOWER-USD,2022-09-13,0.004323000088334,0.0043939999304711,0.0039320001378655,0.003961999900639,0.003961999900639,126545
TOWER USD,TOWER-USD,2022-09-14,0.0039570000953972,0.0040299999527633,0.0039320001378655,0.0040219998918473,0.0040219998918473,221476
TOWER USD,TOWER-USD,2022-09-15,0.0040210001170635,0.0046339998953044,0.0039920001290738,0.00424600020051,0.00424600020051,342712
TOWER USD,TOWER-USD,2022-09-16,0.0042650001123547,0.00458599999547,0.0040690000168979,0.004139999859035,0.004139999859035,377422
TOWER USD,TOWER-USD,2022-09-17,0.004139999859035,0.0044169998727738,0.003880999982357,0.0039710002020001,0.0039710002020001,232532
TOWER USD,TOWER-USD,2022-09-18,0.0039730002172291,0.0040259999223053,0.00362000009045,0.0036279999185353,0.0036279999185353,177737
TOWER USD,TOWER-USD,2022-09-19,0.0036279999185353,0.0037259999662637,0.0035319998860359,0.0036929999478161,0.0036929999478161,121328
TOWER USD,TOWER-USD,2022-09-20,0.0036919999402016,0.0037000000011175,0.0034799999557435,0.0034839999862015,0.0034839999862015,97046
TOWER USD,TOWER-USD,2022-09-21,0.0034799999557435,0.0035929998848587,0.0033309999853372,0.003387999953702,0.003387999953702,164261
TOWER USD,TOWER-USD,2022-09-22,0.0033869999460875,0.003698999993503,0.0033690000418573,0.0036700000055134,0.0036700000055134,142427
TOWER USD,TOWER-USD,2022-09-23,0.0036629999522119,0.004248000215739,0.0036609999369829,0.0042389999143779,0.0042389999143779,1134412
TOWER USD,TOWER-USD,2022-09-24,0.0042340001091361,0.0045329998247325,0.0041840001940727,0.0043660001829266,0.0043660001829266,1075827
TOWER USD,TOWER-USD,2022-09-25,0.0043680001981556,0.0045300000347197,0.0043620001524686,0.0045230002142488,0.0045230002142488,1429860
TOWER USD,TOWER-USD,2022-09-26,0.0045199999585747,0.0046509997919201,0.0044350000098347,0.0046450002118945,0.0046450002118945,1754628
TOWER USD,TOWER-USD,2022-09-27,0.0046439999714493,0.0047459998168051,0.0045599997974932,0.0046029998920857,0.0046029998920857,717781
TOWER USD,TOWER-USD,2022-09-28,0.0046009998768568,0.0046509997919201,0.004495000001043,0.0046129999682307,0.0046129999682307,671258
TOWER USD,TOWER-USD,2022-09-29,0.0046149999834597,0.0046939998865127,0.0045480001717805,0.004668999928981,0.004668999928981,517605
TOWER USD,TOWER-USD,2022-09-30,0.0046629998832941,0.0046910000964999,0.0045710001140832,0.0046319998800754,0.0046319998800754,262690
TOWER USD,TOWER-USD,2022-10-01,0.0046299998648464,0.0047389999963343,0.0046120001934468,0.004674999974668,0.004674999974668,303437
TOWER USD,TOWER-USD,2022-10-02,0.004674999974668,0.0047010001726448,0.0044450000859797,0.0044630002230405,0.0044630002230405,299580
TOWER USD,TOWER-USD,2022-10-03,0.0044590001925826,0.00475599989295,0.0044419998303055,0.0047189998440444,0.0047189998440444,290840
TOWER USD,TOWER-USD,2022-10-04,0.0047240001149475,0.0048520001582801,0.0046930001117289,0.0048279999755322,0.0048279999755322,265027
TOWER USD,TOWER-USD,2022-10-05,0.0048270002007484,0.0049390001222491,0.0047729997895658,0.0049250000156462,0.0049250000156462,618769
TOWER USD,TOWER-USD,2022-10-06,0.00492599979043,0.0051910001784563,0.0049209999851882,0.0051040002144873,0.0051040002144873,1078711
TOWER USD,TOWER-USD,2022-10-07,0.0051159998401999,0.0051469998434185,0.0049660000950098,0.0049780001863837,0.0049780001863837,452370
TOWER USD,TOWER-USD,2022-10-08,0.0049829999916255,0.0049959998577833,0.0048790001310408,0.0048919999971985,0.0048919999971985,329986
TOWER USD,TOWER-USD,2022-10-09,0.0048929997719824,0.0049939998425543,0.0048679998144507,0.0049209999851882,0.0049209999851882,299144
TOWER USD,TOWER-USD,2022-10-10,0.0049220002256333,0.0049499999731779,0.0047889999113976,0.0047889999113976,0.0047889999113976,123794
TOWER USD,TOWER-USD,2022-10-11,0.0047889999113976,0.0047940001823008,0.0046830000355839,0.0046890000812709,0.0046890000812709,188826
TOWER USD,TOWER-USD,2022-10-12,0.0046870000660419,0.0050280001014471,0.004666999913752,0.0049120001494884,0.0049120001494884,195984
TOWER USD,TOWER-USD,2022-10-13,0.0049120001494884,0.004929999820888,0.0046279998496174,0.0048670000396668,0.0048670000396668,128860
TOWER USD,TOWER-USD,2022-10-14,0.0048670000396668,0.0049879997968673,0.0048179998993873,0.004846999887377,0.004846999887377,183777
TOWER USD,TOWER-USD,2022-10-15,0.004846999887377,0.0048609999939799,0.0047720000147819,0.0048179998993873,0.0048179998993873,99198
TOWER USD,TOWER-USD,2022-10-16,0.0048179998993873,0.0048670000396668,0.0047940001823008,0.0048270002007484,0.0048270002007484,140793
TOWER USD,TOWER-USD,2022-10-17,0.0048259999603033,0.0049160001799464,0.0047769998200237,0.0048779998905956,0.0048779998905956,118900
TOWER USD,TOWER-USD,2022-10-18,0.0048810001462697,0.0050099999643862,0.0047690002247691,0.0048170001246035,0.0048170001246035,201067
TOWER USD,TOWER-USD,2022-10-19,0.0048170001246035,0.0048219999298453,0.0046609998680651,0.004674999974668,0.004674999974668,168441
TOWER USD,TOWER-USD,2022-10-20,0.0046740001998841,0.0047289999201893,0.0045659998431801,0.0045790001749992,0.0045790001749992,172694
TOWER USD,TOWER-USD,2022-10-21,0.004579999949783,0.004668999928981,0.0045360000804066,0.0046640001237392,0.0046640001237392,51867
TOWER USD,TOWER-USD,2022-10-22,0.0046640001237392,0.0047050002031028,0.0046399999409914,0.0047019999474287,0.0047019999474287,57501
TOWER USD,TOWER-USD,2022-10-23,0.0047019999474287,0.0048239999450743,0.00467099994421,0.0048119998537003,0.0048119998537003,135907
TOWER USD,TOWER-USD,2022-10-24,0.0048139998689293,0.0048259999603033,0.0047010001726448,0.0047149998135864,0.0047149998135864,89311
TOWER USD,TOWER-USD,2022-10-25,0.0047169998288154,0.0050200000405311,0.0046850000508129,0.0049000000581145,0.0049000000581145,192921
TOWER USD,TOWER-USD,2022-10-26,0.0048980000428855,0.0051460000686347,0.0048879999667406,0.0050650001503527,0.0050650001503527,226893
TOWER USD,TOWER-USD,2022-10-27,0.0050679999403655,0.005125000141561,0.004949000198394,0.0049660000950098,0.0049660000950098,177450
TOWER USD,TOWER-USD,2022-10-28,0.0049649998545646,0.0050989999435842,0.0049089998938143,0.0050610001198947,0.0050610001198947,65169
TOWER USD,TOWER-USD,2022-10-29,0.0050619998946785,0.0051799998618662,0.0050510000437498,0.0051330002024769,0.0051330002024769,138709
TOWER USD,TOWER-USD,2022-10-30,0.0051330002024769,0.0052049998193979,0.0050780000165104,0.0051119998097419,0.0051119998097419,197152
TOWER USD,TOWER-USD,2022-10-31,0.0051119998097419,0.0054319999180734,0.0050900001078844,0.0053349998779594,0.0053349998779594,240788
TOWER USD,TOWER-USD,2022-11-01,0.0053349998779594,0.0054529998451471,0.0052979998290538,0.0053280000574886,0.0053280000574886,160736
TOWER USD,TOWER-USD,2022-11-02,0.0053280000574886,0.005379999987781,0.0051580001600086,0.0052049998193979,0.0052049998193979,101702
TOWER USD,TOWER-USD,2022-11-03,0.0052049998193979,0.0056099998764693,0.005204000044614,0.0055820001289248,0.0055820001289248,163606
TOWER USD,TOWER-USD,2022-11-04,0.0055740000680089,0.005741000175476,0.0055180001072585,0.005725999828428,0.005725999828428,168138
TOWER USD,TOWER-USD,2022-11-05,0.0057250000536441,0.0058679999783635,0.005719999782741,0.0058249998837709,0.0058249998837709,121472
TOWER USD,TOWER-USD,2022-11-06,0.0058220000937581,0.006513999775052,0.0058050001971423,0.0060259997844696,0.0060259997844696,408197
TOWER USD,TOWER-USD,2022-11-07,0.0060290000401437,0.0060820002108812,0.005743000190705,0.005832000169903,0.005832000169903,197655
TOWER USD,TOWER-USD,2022-11-08,0.005834000185132,0.0058519998565316,0.0046549998223781,0.004836999811232,0.004836999811232,191626
TOWER USD,TOWER-USD,2022-11-09,0.0048360000364482,0.0048569999635219,0.0035379999317228,0.0035860000643879,0.0035860000643879,150566
TOWER USD,TOWER-USD,2022-11-10,0.0035820000339299,0.0044780001044273,0.0035590000916272,0.0044479998759925,0.0044479998759925,172078
TOWER USD,TOWER-USD,2022-11-11,0.0044470001012086,0.004505000077188,0.0041430001147091,0.0042690001428127,0.0042690001428127,75705
TOWER USD,TOWER-USD,2022-11-12,0.0042719999328255,0.0043319999240338,0.0041120001114904,0.0041649998165667,0.0041649998165667,64859
TOWER USD,TOWER-USD,2022-11-13,0.0041660000570118,0.0042150001972913,0.0038550000172108,0.0038759999442845,0.0038759999442845,45870
TOWER USD,TOWER-USD,2022-11-14,0.00387499993667,0.004052999895066,0.0037169998977333,0.0039459997788071,0.0039459997788071,56393
TOWER USD,TOWER-USD,2022-11-15,0.0039459997788071,0.004242000170052,0.0038850000128149,0.0041459999047219,0.0041459999047219,147964
TOWER USD,TOWER-USD,2022-11-16,0.004149000160396,0.0042409999296069,0.0039280001074075,0.0039650001563131,0.0039650001563131,159397
TOWER USD,TOWER-USD,2022-11-17,0.0039650001563131,0.0039690001867711,0.003785999957472,0.0038630000781267,0.0038630000781267,86775
TOWER USD,TOWER-USD,2022-11-18,0.0038630000781267,0.0039360001683235,0.0038509999867528,0.0038840000052005,0.0038840000052005,103242
TOWER USD,TOWER-USD,2022-11-19,0.0038930000737309,0.0038950000889599,0.003713000100106,0.0037559999618679,0.0037559999618679,94367
TOWER USD,TOWER-USD,2022-11-20,0.0037559999618679,0.0040179998613893,0.0036289999261498,0.0036359999794512,0.0036359999794512,221047
TOWER USD,TOWER-USD,2022-11-21,0.0036339999642223,0.0036379999946802,0.0033859999384731,0.0034399998839944,0.0034399998839944,132377
TOWER USD,TOWER-USD,2022-11-22,0.0034479999449104,0.0035149999894201,0.0033519999124109,0.0035109999589622,0.0035109999589622,68544
TOWER USD,TOWER-USD,2022-11-23,0.0035089999437332,0.0036299999337643,0.0034940000623464,0.0035520000383257,0.0035520000383257,165607
TOWER USD,TOWER-USD,2022-11-24,0.0035520000383257,0.0036069999914616,0.0035139999818056,0.0036029999610036,0.0036029999610036,151012
TOWER USD,TOWER-USD,2022-11-25,0.0036029999610036,0.0036029999610036,0.0034610000438988,0.0035920001100748,0.0035920001100748,198478
TOWER USD,TOWER-USD,2022-11-26,0.0035920001100748,0.0036679999902844,0.0034980000928044,0.0035210000351071,0.0035210000351071,97616
TOWER USD,TOWER-USD,2022-11-27,0.0035200000274926,0.0035560000687837,0.0034570000134408,0.0034570000134408,0.0034570000134408,119529
TOWER USD,TOWER-USD,2022-11-28,0.0034570000134408,0.0034719998948276,0.0033360000234097,0.0033529999200254,0.0033529999200254,138320
TOWER USD,TOWER-USD,2022-11-29,0.0033549999352544,0.0034739999100565,0.0033360000234097,0.0034370000939816,0.0034370000939816,172630
TOWER USD,TOWER-USD,2022-11-30,0.0034360000863671,0.0035850000567734,0.0034360000863671,0.0035769999958574,0.0035769999958574,181618
TOWER USD,TOWER-USD,2022-12-01,0.0035769999958574,0.0035880000796169,0.0034890000242739,0.0034900000318884,0.0034900000318884,121489
TOWER USD,TOWER-USD,2022-12-02,0.0034930000547319,0.0036120000295341,0.003484999993816,0.0036049999762326,0.0036049999762326,168057
TOWER USD,TOWER-USD,2022-12-03,0.0036019999533891,0.0036110000219196,0.003484999993816,0.0034900000318884,0.0034900000318884,139153
TOWER USD,TOWER-USD,2022-12-04,0.0034900000318884,0.003571999957785,0.003478999948129,0.0035230000503361,0.0035230000503361,117598
TOWER USD,TOWER-USD,2022-12-05,0.0035220000427216,0.0035560000687837,0.0034640000667423,0.0034860000014305,0.0034860000014305,121937
TOWER USD,TOWER-USD,2022-12-06,0.003487000009045,0.0035010001156479,0.003387999953702,0.0034350000787526,0.0034350000787526,114831
TOWER USD,TOWER-USD,2022-12-07,0.0034360000863671,0.0034620000515133,0.0033249999396502,0.0033740000799298,0.0033740000799298,57768
TOWER USD,TOWER-USD,2022-12-08,0.0033730000723153,0.0034650000743567,0.0033559999428689,0.0034360000863671,0.0034360000863671,127911
TOWER USD,TOWER-USD,2022-12-09,0.0034360000863671,0.0034509999677538,0.0033009999897331,0.0033710000570863,0.0033710000570863,123445
TOWER USD,TOWER-USD,2022-12-10,0.0033700000494718,0.0034080001059919,0.0033350000157952,0.0033700000494718,0.0033700000494718,112152
TOWER USD,TOWER-USD,2022-12-11,0.0033700000494718,0.0034449999220669,0.0033450000919401,0.0033480001147836,0.0033480001147836,111613
TOWER USD,TOWER-USD,2022-12-12,0.0033470001071691,0.003398000029847,0.0032810000702738,0.0033680000342428,0.0033680000342428,373762
TOWER USD,TOWER-USD,2022-12-13,0.0033690000418573,0.0034209999721497,0.0032939999364316,0.0033400000538676,0.0033400000538676,125066
TOWER USD,TOWER-USD,2022-12-14,0.0033420000690966,0.0033799998927861,0.0032689999788999,0.0032830000855028,0.0032830000855028,54261
TOWER USD,TOWER-USD,2022-12-15,0.0032840000931173,0.0033019999973475,0.0031820000149309,0.0032089999876916,0.0032089999876916,54685
TOWER USD,TOWER-USD,2022-12-16,0.0032089999876916,0.0032669999636709,0.0029319999739527,0.0029569999314844,0.0029569999314844,82201
TOWER USD,TOWER-USD,2022-12-17,0.0029569999314844,0.0029750000685453,0.0029100000392645,0.0029549999162554,0.0029549999162554,58892
TOWER USD,TOWER-USD,2022-12-18,0.0029549999162554,0.0029710000380873,0.0029039999935775,0.0029219998978078,0.0029219998978078,17074
TOWER USD,TOWER-USD,2022-12-19,0.0029219998978078,0.0029380000196397,0.0028039999306201,0.0028349999338388,0.0028349999338388,32974
TOWER USD,TOWER-USD,2022-12-20,0.0028349999338388,0.0029249999206513,0.0028289998881518,0.002907000016421,0.002907000016421,35926
TOWER USD,TOWER-USD,2022-12-21,0.002905000001192,0.0029180001001805,0.0028540000785142,0.0028810000512748,0.0028810000512748,71570
TOWER USD,TOWER-USD,2022-12-22,0.0028820000588893,0.0028939999174326,0.0028089999686926,0.0028729999903589,0.0028729999903589,52799
TOWER USD,TOWER-USD,2022-12-23,0.0028709999751299,0.0028880001045763,0.0028389999642968,0.0028599998913705,0.0028599998913705,42920
TOWER USD,TOWER-USD,2022-12-24,0.002858999883756,0.002913000062108,0.0028379999566823,0.0028979999478906,0.0028979999478906,52703
TOWER USD,TOWER-USD,2022-12-25,0.0028979999478906,0.002913000062108,0.0028530000708997,0.0028669999446719,0.0028669999446719,12320
TOWER USD,TOWER-USD,2022-12-26,0.0028679999522864,0.0029060000088065,0.0028530000708997,0.0029029999859631,0.0029029999859631,36055
TOWER USD,TOWER-USD,2022-12-27,0.0029029999859631,0.0029120000544935,0.0028450000099837,0.0028790000360459,0.0028790000360459,61358
TOWER USD,TOWER-USD,2022-12-28,0.0028790000360459,0.0028870000969618,0.0027930000796914,0.0028039999306201,0.0028039999306201,30477
TOWER USD,TOWER-USD,2022-12-29,0.0028039999306201,0.002915000077337,0.0027799999807029,0.00282400008291,0.00282400008291,213314
TOWER USD,TOWER-USD,2022-12-30,0.00282400008291,0.0029160000849515,0.0028129999991506,0.0028860000893473,0.0028860000893473,56018
TOWER USD,TOWER-USD,2022-12-31,0.0028880001045763,0.0029259999282658,0.0028669999446719,0.0028979999478906,0.0028979999478906,49909
TOWER USD,TOWER-USD,2023-01-01,0.0028979999478906,0.0029509998857975,0.0028770000208169,0.0029440000653266,0.0029440000653266,56652
TOWER USD,TOWER-USD,2023-01-02,0.0029440000653266,0.003004000056535,0.002917000092566,0.0029770000837743,0.0029770000837743,19649
TOWER USD,TOWER-USD,2023-01-03,0.0029770000837743,0.00299399998039,0.0029259999282658,0.0029430000577121,0.0029430000577121,45095
TOWER USD,TOWER-USD,2023-01-04,0.0029430000577121,0.0030720001086592,0.0029200001154094,0.0030439998954534,0.0030439998954534,93037
TOWER USD,TOWER-USD,2023-01-05,0.0030439998954534,0.0030459999106824,0.0029390000272542,0.0029500001110136,0.0029500001110136,50197
TOWER USD,TOWER-USD,2023-01-06,0.0029500001110136,0.0029660000000149,0.0028699999675154,0.0029420000500977,0.0029420000500977,49767
TOWER USD,TOWER-USD,2023-01-07,0.0029430000577121,0.0029879999347031,0.0029299999587237,0.0029329999815672,0.0029329999815672,73187
TOWER USD,TOWER-USD,2023-01-08,0.0029319999739527,0.0030730001162737,0.002913000062108,0.0030730001162737,0.0030730001162737,100327
TOWER USD,TOWER-USD,2023-01-09,0.0030650000553578,0.0031340001150965,0.0030539999715983,0.0030650000553578,0.0030650000553578,83452
TOWER USD,TOWER-USD,2023-01-10,0.0030660000629723,0.0031169999856501,0.0030429998878389,0.0031159999780356,0.0031159999780356,74417
TOWER USD,TOWER-USD,2023-01-11,0.0031159999780356,0.0031600000802427,0.0029990000184625,0.0031600000802427,0.0031600000802427,80123
TOWER USD,TOWER-USD,2023-01-12,0.0031799999997019,0.0031979999039322,0.0030080000869929,0.0030100001022219,0.0030100001022219,151795
TOWER USD,TOWER-USD,2023-01-13,0.0030100001022219,0.0030879999976605,0.0029579999390989,0.0030710001010447,0.0030710001010447,73075
TOWER USD,TOWER-USD,2023-01-14,0.0030680000782012,0.0032579998951405,0.0030670000705868,0.0032019999343901,0.0032019999343901,79519
TOWER USD,TOWER-USD,2023-01-15,0.0032019999343901,0.0032560001127421,0.0031389999203383,0.0032230000942945,0.0032230000942945,71993
TOWER USD,TOWER-USD,2023-01-16,0.0032210000790655,0.0032790000550448,0.003175999969244,0.0032550001051276,0.0032550001051276,91805
TOWER USD,TOWER-USD,2023-01-17,0.0032510000746697,0.0035649999044835,0.0032029999420046,0.0034239999949932,0.0034239999949932,329145
TOWER USD,TOWER-USD,2023-01-18,0.0034239999949932,0.0034680000972002,0.00307899992913,0.0030819999519735,0.0030819999519735,164699
TOWER USD,TOWER-USD,2023-01-19,0.0030819999519735,0.0031349998898804,0.00307899992913,0.0031139999628067,0.0031139999628067,74622
TOWER USD,TOWER-USD,2023-01-20,0.0031149999704211,0.0033750000875443,0.0031010000966489,0.0033700000494718,0.0033700000494718,309999
TOWER USD,TOWER-USD,2023-01-21,0.0033710000570863,0.0033809999004006,0.003256999887526,0.0032790000550448,0.0032790000550448,84502
TOWER USD,TOWER-USD,2023-01-22,0.0032820000778883,0.0034070000983774,0.0032560001127421,0.0033859999384731,0.0033859999384731,134550
TOWER USD,TOWER-USD,2023-01-23,0.0033859999384731,0.0034090001136064,0.0033219999168068,0.0033680000342428,0.0033680000342428,141327
TOWER USD,TOWER-USD,2023-01-24,0.0033660000190138,0.0034189999569207,0.0032430000137537,0.0032500000670552,0.0032500000670552,60528
TOWER USD,TOWER-USD,2023-01-25,0.0032520000822842,0.0033380000386387,0.0031880000606179,0.0032989999745041,0.0032989999745041,80414
TOWER USD,TOWER-USD,2023-01-26,0.0032979999668896,0.0035800000187009,0.0032889998983591,0.0035800000187009,0.0035800000187009,156913
TOWER USD,TOWER-USD,2023-01-27,0.0035800000187009,0.0035910001024603,0.0034519999753683,0.0035349999088793,0.0035349999088793,116594
TOWER USD,TOWER-USD,2023-01-28,0.0035329998936504,0.0035739999730139,0.0034799999557435,0.0035109999589622,0.0035109999589622,35504
TOWER USD,TOWER-USD,2023-01-29,0.0035129999741911,0.003656999906525,0.0034920000471174,0.0036299999337643,0.0036299999337643,56649
TOWER USD,TOWER-USD,2023-01-30,0.0036299999337643,0.0037040000315755,0.0034310000482946,0.0034620000515133,0.0034620000515133,147808
TOWER USD,TOWER-USD,2023-01-31,0.0034640000667423,0.0035359999164938,0.0034479999449104,0.0035230000503361,0.0035230000503361,92208
TOWER USD,TOWER-USD,2023-02-01,0.0035230000503361,0.0035749999806284,0.0034040000755339,0.0035689999349415,0.0035689999349415,76323
TOWER USD,TOWER-USD,2023-02-02,0.003567999927327,0.0037229999434202,0.0035590000916272,0.0035920001100748,0.0035920001100748,82709
TOWER USD,TOWER-USD,2023-02-03,0.0035920001100748,0.0036150000523775,0.0035230000503361,0.0035900000948458,0.0035900000948458,90071
TOWER USD,TOWER-USD,2023-02-04,0.0035880000796169,0.0036239998880773,0.0035449999850243,0.0035850000567734,0.0035850000567734,103247
TOWER USD,TOWER-USD,2023-02-05,0.0035870000720024,0.0035900000948458,0.0034739999100565,0.0035089999437332,0.0035089999437332,72490
TOWER USD,TOWER-USD,2023-02-06,0.0035089999437332,0.0035580000840127,0.003474999917671,0.0035019998904317,0.0035019998904317,68852
TOWER USD,TOWER-USD,2023-02-07,0.0035010001156479,0.003709000069648,0.0034980000928044,0.0037060000468045,0.0037060000468045,98679
TOWER USD,TOWER-USD,2023-02-08,0.0037080000620335,0.0037769998889416,0.0036859998945146,0.0037420000880956,0.0037420000880956,140053
TOWER USD,TOWER-USD,2023-02-09,0.0037430000957101,0.0037700000684708,0.0034709998872131,0.003480999963358,0.003480999963358,124050
TOWER USD,TOWER-USD,2023-02-10,0.0034799999557435,0.0036009999457746,0.003472999902442,0.0034950000699609,0.0034950000699609,106506
TOWER USD,TOWER-USD,2023-02-11,0.0034960000775754,0.0036059999838471,0.0034769999329,0.0035709999501705,0.0035709999501705,98434
TOWER USD,TOWER-USD,2023-02-12,0.0035669999197125,0.0035969999153167,0.0035059999208897,0.0035439999774098,0.0035439999774098,94086
TOWER USD,TOWER-USD,2023-02-13,0.0035429999697953,0.0036009999457746,0.0033690000418573,0.0035709999501705,0.0035709999501705,211974
TOWER USD,TOWER-USD,2023-02-14,0.0035709999501705,0.0038360001053661,0.0035419999621808,0.0038270000368356,0.0038270000368356,180895
TOWER USD,TOWER-USD,2023-02-15,0.0038129999302327,0.0045130001381039,0.0038129999302327,0.0043819998390972,0.0043819998390972,579561
TOWER USD,TOWER-USD,2023-02-16,0.0043830000795423,0.0045150001533329,0.0041800001636147,0.0041889999993145,0.0041889999993145,184982
TOWER USD,TOWER-USD,2023-02-17,0.0041930000297725,0.004311999771744,0.0041479999199509,0.0042619998566806,0.0042619998566806,161440
TOWER USD,TOWER-USD,2023-02-18,0.0042630000971257,0.0043029999360442,0.0041519999504089,0.0041950000450015,0.0041950000450015,110753
TOWER USD,TOWER-USD,2023-02-19,0.0041950000450015,0.0042889998294413,0.004139999859035,0.004139999859035,0.004139999859035,109970
TOWER USD,TOWER-USD,2023-02-20,0.0041439998894929,0.0043179998174309,0.0041220001876354,0.0043170000426471,0.0043170000426471,140028
TOWER USD,TOWER-USD,2023-02-21,0.0043190000578761,0.004327000118792,0.0040600001811981,0.0041129998862743,0.0041129998862743,79337
TOWER USD,TOWER-USD,2023-02-22,0.0041120001114904,0.0041310000233352,0.003870999906212,0.0039719999767839,0.0039719999767839,28157
TOWER USD,TOWER-USD,2023-02-23,0.0039719999767839,0.0041189999319612,0.0039550000801682,0.0040890001691877,0.0040890001691877,111509
TOWER USD,TOWER-USD,2023-02-24,0.0040879999287426,0.0041120001114904,0.0039130002260208,0.003963999915868,0.003963999915868,93026
TOWER USD,TOWER-USD,2023-02-25,0.0039670001715421,0.0042710001580417,0.0039059999398887,0.0042670001275837,0.0042670001275837,318452
TOWER USD,TOWER-USD,2023-02-26,0.0042650001123547,0.004325000103563,0.0041950000450015,0.0043100002221763,0.0043100002221763,168838
TOWER USD,TOWER-USD,2023-02-27,0.0043060001917183,0.0043100002221763,0.0041410000994801,0.0041809999383986,0.0041809999383986,126388
TOWER USD,TOWER-USD,2023-02-28,0.0041849999688565,0.0041849999688565,0.0040679997764527,0.0040759998373687,0.0040759998373687,79989
TOWER USD,TOWER-USD,2023-03-01,0.0040770000778138,0.0041689998470246,0.0040480000898242,0.0041189999319612,0.0041189999319612,83813
TOWER USD,TOWER-USD,2023-03-02,0.0041189999319612,0.0044920002110302,0.0040179998613893,0.0044229999184608,0.0044229999184608,660205
TOWER USD,TOWER-USD,2023-03-03,0.0044209999032318,0.0044229999184608,0.0040779998525977,0.0041009997949004,0.0041009997949004,124659
TOWER USD,TOWER-USD,2023-03-04,0.0041009997949004,0.0041240002028644,0.0040270001627504,0.0040699997916817,0.0040699997916817,65383
TOWER USD,TOWER-USD,2023-03-05,0.0040690000168979,0.0041370000690221,0.0040170000866055,0.0040230001322925,0.0040230001322925,89380
TOWER USD,TOWER-USD,2023-03-06,0.0040170000866055,0.0040239999070763,0.0039400001987814,0.003965999931097,0.003965999931097,76947
TOWER USD,TOWER-USD,2023-03-07,0.0039670001715421,0.0040000001899898,0.0038620000705122,0.0039169997908174,0.0039169997908174,85376
TOWER USD,TOWER-USD,2023-03-08,0.0039160000160336,0.0039340001530945,0.0037279999814927,0.0037279999814927,0.0037279999814927,100228
TOWER USD,TOWER-USD,2023-03-09,0.0037269999738782,0.0037499999161809,0.0034769999329,0.0034880000166594,0.0034880000166594,75089
TOWER USD,TOWER-USD,2023-03-10,0.0034890000242739,0.0034890000242739,0.0032979999668896,0.0034360000863671,0.0034360000863671,69016
TOWER USD,TOWER-USD,2023-03-11,0.0034360000863671,0.0035629998892545,0.0032949999440461,0.0034159999340772,0.0034159999340772,28569
TOWER USD,TOWER-USD,2023-03-12,0.0034129999112337,0.0036319999489933,0.0033780001103878,0.0036319999489933,0.0036319999489933,62479
TOWER USD,TOWER-USD,2023-03-13,0.0036339999642223,0.0038330000825226,0.0036009999457746,0.0037690000608563,0.0037690000608563,70280
TOWER USD,TOWER-USD,2023-03-14,0.0037710000760853,0.0039160000160336,0.0037310000043362,0.0038960000965744,0.0038960000965744,111024
TOWER USD,TOWER-USD,2023-03-15,0.0038950000889599,0.0039829998277127,0.0037779998965561,0.0038159999530762,0.0038159999530762,78925
TOWER USD,TOWER-USD,2023-03-16,0.0038149999454617,0.0040369997732341,0.0038010000716894,0.0040219998918473,0.0040219998918473,123544
TOWER USD,TOWER-USD,2023-03-17,0.0040259999223053,0.0042139999568462,0.0039949999190866,0.0041789999231696,0.0041789999231696,84881
TOWER USD,TOWER-USD,2023-03-18,0.0041789999231696,0.0043560001067817,0.0041209999471902,0.0042599998414516,0.0042599998414516,173776
TOWER USD,TOWER-USD,2023-03-19,0.0042579998262226,0.0043850000947713,0.0042280000634491,0.0042280000634491,0.0042280000634491,148816
TOWER USD,TOWER-USD,2023-03-20,0.0042260000482201,0.0042710001580417,0.003969999961555,0.0039760000072419,0.0039760000072419,126411
TOWER USD,TOWER-USD,2023-03-21,0.0039860000833868,0.0040560001507401,0.0038840000052005,0.0039750002324581,0.0039750002324581,140908
TOWER USD,TOWER-USD,2023-03-22,0.0039750002324581,0.0039789997972548,0.0037459998857229,0.0037640000227838,0.0037640000227838,99392
TOWER USD,TOWER-USD,2023-03-23,0.0037620000075548,0.0039760000072419,0.0037229999434202,0.0038370001129806,0.0038370001129806,116828
TOWER USD,TOWER-USD,2023-03-24,0.0038379998877644,0.0038419999182224,0.0036440000403672,0.0036740000359714,0.0036740000359714,104295
TOWER USD,TOWER-USD,2023-03-25,0.0036770000588148,0.0037909999955445,0.0036069999914616,0.0036450000479817,0.0036450000479817,81249
TOWER USD,TOWER-USD,2023-03-26,0.0036470000632107,0.0037680000532418,0.0036339999642223,0.003713000100106,0.003713000100106,81279
TOWER USD,TOWER-USD,2023-03-27,0.0037120000924915,0.0037499999161809,0.0035409999545663,0.0035570000763982,0.0035570000763982,59159
TOWER USD,TOWER-USD,2023-03-28,0.0035610001068562,0.0036889999173581,0.0035069999285042,0.0036450000479817,0.0036450000479817,59657
TOWER USD,TOWER-USD,2023-03-29,0.0036430000327527,0.0037609999999403,0.0036430000327527,0.003703000023961,0.003703000023961,77924
TOWER USD,TOWER-USD,2023-03-30,0.0037060000468045,0.0037630000151693,0.0036430000327527,0.0037229999434202,0.0037229999434202,102700
TOWER USD,TOWER-USD,2023-03-31,0.0037269999738782,0.0038079998921602,0.0036649999674409,0.0037450001109391,0.0037450001109391,67000
TOWER USD,TOWER-USD,2023-04-01,0.0037420000880956,0.0038010000716894,0.0036679999902844,0.0036810000892728,0.0036810000892728,79857
TOWER USD,TOWER-USD,2023-04-02,0.0036889999173581,0.003703000023961,0.0035860000643879,0.0036239998880773,0.0036239998880773,79784
TOWER USD,TOWER-USD,2023-04-03,0.0036239998880773,0.0037479999009519,0.003563999896869,0.0037179999053478,0.0037179999053478,110080
TOWER USD,TOWER-USD,2023-04-04,0.0037179999053478,0.0037479999009519,0.0036689999978989,0.003709000069648,0.003709000069648,80611
TOWER USD,TOWER-USD,2023-04-05,0.00370500003919,0.0037789999041706,0.0036339999642223,0.0036619999445974,0.0036619999445974,75093
TOWER USD,TOWER-USD,2023-04-06,0.0036609999369829,0.0036740000359714,0.0035759999882429,0.0036279999185353,0.0036279999185353,70295
TOWER USD,TOWER-USD,2023-04-07,0.0036289999261498,0.0036750000435858,0.0036120000295341,0.0036710000131279,0.0036710000131279,88782
TOWER USD,TOWER-USD,2023-04-08,0.0036700000055134,0.0037390000652521,0.0036379999946802,0.0036899999249726,0.0036899999249726,91738
TOWER USD,TOWER-USD,2023-04-09,0.0036899999249726,0.0037279999814927,0.0036230001132935,0.0037080000620335,0.0037080000620335,107429
TOWER USD,TOWER-USD,2023-04-10,0.0037060000468045,0.0038109999150037,0.0036849998869001,0.0038020000793039,0.0038020000793039,88813
TOWER USD,TOWER-USD,2023-04-11,0.0038020000793039,0.0041229999624192,0.0037539999466389,0.0040059997700154,0.0040059997700154,217562
TOWER USD,TOWER-USD,2023-04-12,0.0040070000104606,0.0040319999679923,0.003783999942243,0.0037970000412315,0.0037970000412315,127510
TOWER USD,TOWER-USD,2023-04-13,0.0038320000749081,0.0039140000008046,0.0037809999193996,0.0038860000204294,0.0038860000204294,82152
TOWER USD,TOWER-USD,2023-04-14,0.0038840000052005,0.0040090000256896,0.0038550000172108,0.0038870000280439,0.0038870000280439,68291
TOWER USD,TOWER-USD,2023-04-15,0.0038870000280439,0.0039670001715421,0.0038650000933557,0.0039209998212754,0.0039209998212754,60931
TOWER USD,TOWER-USD,2023-04-16,0.0039200000464916,0.0040119998157024,0.0039200000464916,0.0040029999800026,0.0040029999800026,91235
TOWER USD,TOWER-USD,2023-04-17,0.0040020002052187,0.0040020002052187,0.0039029999170452,0.0039260000921785,0.0039260000921785,69271
TOWER USD,TOWER-USD,2023-04-18,0.0039269998669624,0.0040020002052187,0.0039009999018162,0.0039340001530945,0.0039340001530945,105950
TOWER USD,TOWER-USD,2023-04-19,0.0039340001530945,0.0040400000289082,0.0037539999466389,0.0037779998965561,0.0037779998965561,84309
TOWER USD,TOWER-USD,2023-04-20,0.0037769998889416,0.0038099999073892,0.0036170000676065,0.0036710000131279,0.0036710000131279,70334
TOWER USD,TOWER-USD,2023-04-21,0.0036679999902844,0.00370500003919,0.003563999896869,0.0035729999653995,0.0035729999653995,64762
TOWER USD,TOWER-USD,2023-04-22,0.0035729999653995,0.0036379999946802,0.0035500000230968,0.0035939998924732,0.0035939998924732,71831
TOWER USD,TOWER-USD,2023-04-23,0.0035939998924732,0.0036700000055134,0.0035580000840127,0.0036579999141395,0.0036579999141395,120672
TOWER USD,TOWER-USD,2023-04-24,0.0036579999141395,0.0037279999814927,0.0035550000611692,0.0035840000491589,0.0035840000491589,80132
TOWER USD,TOWER-USD,2023-04-25,0.0035830000415444,0.0036339999642223,0.0035029998980462,0.0036150000523775,0.0036150000523775,67356
TOWER USD,TOWER-USD,2023-04-26,0.0036150000523775,0.0038109999150037,0.0035429999697953,0.0036079999990761,0.0036079999990761,119809
TOWER USD,TOWER-USD,2023-04-27,0.0036079999990761,0.0037569999694824,0.0036069999914616,0.0036869999021291,0.0036869999021291,77116
TOWER USD,TOWER-USD,2023-04-28,0.0036869999021291,0.0037000000011175,0.0035419999621808,0.0036170000676065,0.0036170000676065,37985
TOWER USD,TOWER-USD,2023-04-29,0.0036150000523775,0.0036919999402016,0.0036150000523775,0.0036299999337643,0.0036299999337643,29616
TOWER USD,TOWER-USD,2023-04-30,0.0036319999489933,0.0036919999402016,0.0035570000763982,0.0036130000371485,0.0036130000371485,64392
TOWER USD,TOWER-USD,2023-05-01,0.0036110000219196,0.003614000044763,0.0034549999982118,0.0034890000242739,0.0034890000242739,62352
TOWER USD,TOWER-USD,2023-05-02,0.0034900000318884,0.0035769999958574,0.0034690001048147,0.0035109999589622,0.0035109999589622,58845
TOWER USD,TOWER-USD,2023-05-03,0.0035109999589622,0.003622000105679,0.0034739999100565,0.003531000111252,0.003531000111252,67999
TOWER USD,TOWER-USD,2023-05-04,0.003531000111252,0.0035900000948458,0.0034970000851899,0.0035180000122636,0.0035180000122636,64689
TOWER USD,TOWER-USD,2023-05-05,0.0035180000122636,0.0035830000415444,0.0034489999525249,0.0034910000395029,0.0034910000395029,52760
TOWER USD,TOWER-USD,2023-05-06,0.0034960000775754,0.0035230000503361,0.0034179999493062,0.0034380001015961,0.0034380001015961,56303
TOWER USD,TOWER-USD,2023-05-07,0.0034360000863671,0.0035379999317228,0.0032299999147653,0.0032450000289827,0.0032450000289827,86085
TOWER USD,TOWER-USD,2023-05-08,0.0032460000365972,0.0032480000518262,0.0029039999935775,0.0029349999967962,0.0029349999967962,81441
TOWER USD,TOWER-USD,2023-05-09,0.0029349999967962,0.003000000026077,0.0029060000088065,0.0029490001033991,0.0029490001033991,55617
TOWER USD,TOWER-USD,2023-05-10,0.0029490001033991,0.0029710000380873,0.0027970001101493,0.0028289998881518,0.0028289998881518,55495
TOWER USD,TOWER-USD,2023-05-11,0.002828000113368,0.0028339999262243,0.002684999955818,0.0027640000917017,0.0027640000917017,48163
TOWER USD,TOWER-USD,2023-05-12,0.0027640000917017,0.0027640000917017,0.0026320000179111,0.0027449999470263,0.0027449999470263,52820
TOWER USD,TOWER-USD,2023-05-13,0.0027439999394118,0.0028059999458491,0.0026750001125037,0.0027050001081079,0.0027050001081079,5591
TOWER USD,TOWER-USD,2023-05-14,0.0027050001081079,0.0028190000448375,0.0027010000776499,0.0027789999730885,0.0027789999730885,37886
TOWER USD,TOWER-USD,2023-05-15,0.0027789999730885,0.00290900003165,0.0027540000155568,0.002864999929443,0.002864999929443,49828
TOWER USD,TOWER-USD,2023-05-16,0.0028659999370574,0.0028989999555051,0.0025949999690055,0.0026970000471919,0.0026970000471919,65492
TOWER USD,TOWER-USD,2023-05-17,0.0026970000471919,0.0027230000123381,0.0026499999221414,0.0027169999666512,0.0027169999666512,53780
TOWER USD,TOWER-USD,2023-05-18,0.0027179999742656,0.0027499999850988,0.0026010000146925,0.002602000022307,0.002602000022307,30789
TOWER USD,TOWER-USD,2023-05-19,0.002602000022307,0.0027129999361932,0.0025859999004751,0.0026940000243484,0.0026940000243484,26445
TOWER USD,TOWER-USD,2023-05-20,0.002693000016734,0.0027360001113265,0.0026740001048892,0.002684999955818,0.002684999955818,36609
TOWER USD,TOWER-USD,2023-05-21,0.002686999971047,0.0027709999121725,0.0026610000059008,0.0026700000744313,0.0026700000744313,42105
TOWER USD,TOWER-USD,2023-05-22,0.0026620000135153,0.0026690000668168,0.0026159998960793,0.0026199999265372,0.0026199999265372,32036
TOWER USD,TOWER-USD,2023-05-23,0.0026189999189227,0.0027050001081079,0.0026189999189227,0.0027040001004934,0.0027040001004934,30580
TOWER USD,TOWER-USD,2023-05-24,0.0027040001004934,0.0027970001101493,0.0025929999537765,0.0026740001048892,0.0026740001048892,18931
TOWER USD,TOWER-USD,2023-05-25,0.0026740001048892,0.002773999935016,0.0026410000864416,0.0027520000003278,0.0027520000003278,79534
TOWER USD,TOWER-USD,2023-05-26,0.0027520000003278,0.0027729999274015,0.002686999971047,0.0027479999698698,0.0027479999698698,67352
TOWER USD,TOWER-USD,2023-05-27,0.0027479999698698,0.0027489999774843,0.0026680000592023,0.0027079998981207,0.0027079998981207,36094
TOWER USD,TOWER-USD,2023-05-28,0.0027079998981207,0.0029579999390989,0.0026980000548064,0.0028820000588893,0.0028820000588893,40474
TOWER USD,TOWER-USD,2023-05-29,0.0028820000588893,0.0029660000000149,0.0027000000700354,0.0027010000776499,0.0027010000776499,73471
TOWER USD,TOWER-USD,2023-05-30,0.0027010000776499,0.0027260000351816,0.0026569999754428,0.0026730000972747,0.0026730000972747,53178
TOWER USD,TOWER-USD,2023-05-31,0.0026720000896602,0.0026720000896602,0.0025510000996291,0.0026169999036937,0.0026169999036937,82046
TOWER USD,TOWER-USD,2023-06-01,0.0026169999036937,0.0027139999438077,0.0025919999461621,0.0026779999025166,0.0026779999025166,89028
TOWER USD,TOWER-USD,2023-06-02,0.0026779999025166,0.0026960000395774,0.0026199999265372,0.0026660000439733,0.0026660000439733,42284
TOWER USD,TOWER-USD,2023-06-03,0.0026660000439733,0.0027270000427961,0.0026589999906718,0.0027260000351816,0.0027260000351816,48480
TOWER USD,TOWER-USD,2023-06-04,0.0027260000351816,0.0027630000840872,0.0026950000319629,0.0026950000319629,0.0026950000319629,52593
TOWER USD,TOWER-USD,2023-06-05,0.0026950000319629,0.0027280000504106,0.002462999895215,0.0024929998908191,0.0024929998908191,117037
TOWER USD,TOWER-USD,2023-06-06,0.0024939998984336,0.0025730000343173,0.002462999895215,0.0025669999886304,0.0025669999886304,174897
TOWER USD,TOWER-USD,2023-06-07,0.0025649999734014,0.0025649999734014,0.0024180000182241,0.0024540000595152,0.0024540000595152,193602
TOWER USD,TOWER-USD,2023-06-08,0.0024540000595152,0.0025679999962449,0.0024399999529123,0.0025009999517351,0.0025009999517351,164154
TOWER USD,TOWER-USD,2023-06-09,0.0024999999441206,0.0025120000354945,0.0023749999236315,0.0023860000073909,0.0023860000073909,226701
TOWER USD,TOWER-USD,2023-06-10,0.0023860000073909,0.0024059999268501,0.0021100000012665,0.0021869998890906,0.0021869998890906,230067
TOWER USD,TOWER-USD,2023-06-11,0.0021869998890906,0.0023560000117868,0.0021720000077039,0.0023409998975694,0.0023409998975694,191811
TOWER USD,TOWER-USD,2023-06-12,0.0023409998975694,0.0023409998975694,0.0021949999500066,0.0022879999596625,0.0022879999596625,128885
TOWER USD,TOWER-USD,2023-06-13,0.002288999967277,0.0029549999162554,0.0020359999034553,0.0020679999142885,0.0020679999142885,857260
TOWER USD,TOWER-USD,2023-06-14,0.0020679999142885,0.0020880000665783,0.0019580000080168,0.0019970000721514,0.0019970000721514,181385
TOWER USD,TOWER-USD,2023-06-15,0.0019970000721514,0.0020099999383091,0.001890999963507,0.0019249999895691,0.0019249999895691,210828
TOWER USD,TOWER-USD,2023-06-16,0.0019239999819546,0.0019869999960064,0.0019039999460801,0.0019660000689327,0.0019660000689327,69342
TOWER USD,TOWER-USD,2023-06-17,0.0019660000689327,0.0020290000829845,0.0019570000004023,0.0020059999078512,0.0020059999078512,83669
TOWER USD,TOWER-USD,2023-06-18,0.0020059999078512,0.0020139999687671,0.0019640000537037,0.0019670000765472,0.0019670000765472,40181
TOWER USD,TOWER-USD,2023-06-19,0.0019670000765472,0.0019880000036209,0.0019290000200271,0.0019369999645277,0.0019369999645277,71586
TOWER USD,TOWER-USD,2023-06-20,0.0019379999721422,0.0019980000797659,0.0019109999993816,0.0019980000797659,0.0019980000797659,69667
TOWER USD,TOWER-USD,2023-06-21,0.0019970000721514,0.0021140000317245,0.0019930000416934,0.0020989999175071,0.0020989999175071,86061
TOWER USD,TOWER-USD,2023-06-22,0.0020979999098926,0.0021450000349432,0.0019960000645369,0.0020029998850077,0.0020029998850077,87198
TOWER USD,TOWER-USD,2023-06-23,0.0020029998850077,0.0020850000437349,0.0020020001102238,0.0020459999796003,0.0020459999796003,82779
TOWER USD,TOWER-USD,2023-06-24,0.0020469999872148,0.0021780000533908,0.0020149999763816,0.0020630001090466,0.0020630001090466,142351
TOWER USD,TOWER-USD,2023-06-25,0.0020620001014322,0.0021269998978823,0.0020590000785887,0.0020860000513494,0.0020860000513494,74827
TOWER USD,TOWER-USD,2023-06-26,0.0020860000513494,0.0020860000513494,0.0020139999687671,0.002030000090599,0.002030000090599,61296
TOWER USD,TOWER-USD,2023-06-27,0.002030000090599,0.0020560000557452,0.0019450000254437,0.0019470000406727,0.0019470000406727,139919
TOWER USD,TOWER-USD,2023-06-28,0.0019480000482872,0.0020719999447464,0.0018550000386312,0.0018680000212043,0.0018680000212043,166148
TOWER USD,TOWER-USD,2023-06-29,0.0018729999428614,0.0018799999961629,0.0017249999800696,0.0017419999931007,0.0017419999931007,96875
TOWER USD,TOWER-USD,2023-06-30,0.0017409999854862,0.0017930000321939,0.0016799999866634,0.0017300000181421,0.0017300000181421,97780
TOWER USD,TOWER-USD,2023-07-01,0.0017300000181421,0.001784999971278,0.001717000035569,0.0017490000464022,0.0017490000464022,58384
TOWER USD,TOWER-USD,2023-07-02,0.0017430000007152,0.0017750000115484,0.0016969999996945,0.0017290000105276,0.0017290000105276,22921
TOWER USD,TOWER-USD,2023-07-03,0.0017290000105276,0.0017770000267773,0.0017290000105276,0.0017460000235587,0.0017460000235587,16549
TOWER USD,TOWER-USD,2023-07-04,0.0017470000311732,0.0018500000005587,0.0017430000007152,0.0018350000027567,0.0018350000027567,35104
TOWER USD,TOWER-USD,2023-07-05,0.0018350000027567,0.0018690000288188,0.0017229999648407,0.0017430000007152,0.0017430000007152,48799
TOWER USD,TOWER-USD,2023-07-06,0.0017430000007152,0.0017650000518187,0.0016570000443607,0.0017079999670386,0.0017079999670386,69775
TOWER USD,TOWER-USD,2023-07-07,0.0017089999746531,0.0017089999746531,0.0016690000193193,0.0016909999540075,0.0016909999540075,41347
TOWER USD,TOWER-USD,2023-07-08,0.0016909999540075,0.0017760000191628,0.0016909999540075,0.0017430000007152,0.0017430000007152,37696
TOWER USD,TOWER-USD,2023-07-09,0.0017430000007152,0.0017900000093504,0.0016860000323504,0.0017059999518096,0.0017059999518096,38599
TOWER USD,TOWER-USD,2023-07-10,0.0017059999518096,0.0017280000029131,0.0015950000379234,0.0016349999932572,0.0016349999932572,34916
TOWER USD,TOWER-USD,2023-07-11,0.0016349999932572,0.0016730000497773,0.0015970000531524,0.0016100000357255,0.0016100000357255,37855
TOWER USD,TOWER-USD,2023-07-12,0.0016100000357255,0.0016199999954551,0.0015480000292882,0.0015549999661743,0.0015549999661743,36187
TOWER USD,TOWER-USD,2023-07-13,0.0015549999661743,0.0016799999866634,0.0015229999553412,0.0016609999584034,0.0016609999584034,76318
TOWER USD,TOWER-USD,2023-07-14,0.0016609999584034,0.0017069999594241,0.0015219999477267,0.0015600000042468,0.0015600000042468,71358
TOWER USD,TOWER-USD,2023-07-15,0.0015610000118613,0.0015800000401213,0.0014830000000074,0.0015219999477267,0.0015219999477267,45018
TOWER USD,TOWER-USD,2023-07-16,0.0015219999477267,0.0016240000259131,0.0014590000500902,0.001587999984622,0.001587999984622,41855
TOWER USD,TOWER-USD,2023-07-17,0.001587999984622,0.0015989999519661,0.0014900000533089,0.0014959999825805,0.0014959999825805,73968
TOWER USD,TOWER-USD,2023-07-18,0.001494999974966,0.001516000018455,0.0014329999685287,0.0014449999434873,0.0014449999434873,46868
TOWER USD,TOWER-USD,2023-07-19,0.0014459999511018,0.0015269999857991,0.0014280000468716,0.0014700000174343,0.0014700000174343,49024
TOWER USD,TOWER-USD,2023-07-20,0.0014700000174343,0.0015510000521317,0.0014609999489039,0.0015310000162571,0.0015310000162571,72515
TOWER USD,TOWER-USD,2023-07-21,0.0015320000238716,0.0017450000159442,0.0015269999857991,0.0017419999931007,0.0017419999931007,195969
TOWER USD,TOWER-USD,2023-07-22,0.0017419999931007,0.0017650000518187,0.0016019999748095,0.001607000012882,0.001607000012882,70730
TOWER USD,TOWER-USD,2023-07-23,0.0016080000204965,0.0016530000139027,0.0015519999433308,0.0015930000226944,0.0015930000226944,63269
TOWER USD,TOWER-USD,2023-07-24,0.0015950000379234,0.0015989999519661,0.0014690000098198,0.001494999974966,0.001494999974966,53340
TOWER USD,TOWER-USD,2023-07-25,0.0014959999825805,0.0015249999705702,0.0014789999695494,0.0015000000130385,0.0015000000130385,42795
TOWER USD,TOWER-USD,2023-07-26,0.0015000000130385,0.0015239999629557,0.0014440000522881,0.0014860000228509,0.0014860000228509,26686
TOWER USD,TOWER-USD,2023-07-27,0.0014870000304654,0.0015569999814033,0.0014349999837577,0.0014359999913722,0.0014359999913722,83678
TOWER USD,TOWER-USD,2023-07-28,0.0014359999913722,0.0014530000044032,0.0013970000436529,0.0014199999859556,0.0014199999859556,123476
TOWER USD,TOWER-USD,2023-07-29,0.0014199999859556,0.0014609999489039,0.0014159999554976,0.0014530000044032,0.0014530000044032,48067
TOWER USD,TOWER-USD,2023-07-30,0.0014530000044032,0.0014530000044032,0.0013930000131949,0.0014319999609142,0.0014319999609142,37277
TOWER USD,TOWER-USD,2023-07-31,0.0014309999532997,0.0014600000577047,0.0013719999697059,0.0014580000424757,0.0014580000424757,78456
TOWER USD,TOWER-USD,2023-08-01,0.0014580000424757,0.0014590000500902,0.0013500000350177,0.0013980000512674,0.0013980000512674,104774
TOWER USD,TOWER-USD,2023-08-02,0.0013970000436529,0.0014130000490695,0.0012519999872893,0.0012710000155493,0.0012710000155493,111860
TOWER USD,TOWER-USD,2023-08-03,0.0012710000155493,0.0012799999676644,0.0012019999558106,0.001211000024341,0.001211000024341,137038
TOWER USD,TOWER-USD,2023-08-04,0.001211000024341,0.0012290000449866,0.0011810000287368,0.0011940000113099,0.0011940000113099,138871
TOWER USD,TOWER-USD,2023-08-05,0.0011940000113099,0.001302000018768,0.0011800000211223,0.0012890000361949,0.0012890000361949,123097
TOWER USD,TOWER-USD,2023-08-06,0.0012890000361949,0.0013079999480396,0.001187999965623,0.0012120000319555,0.0012120000319555,97566
TOWER USD,TOWER-USD,2023-08-07,0.00121300003957,0.0012260000221431,0.0011729999678209,0.0011729999678209,0.0011729999678209,113141
TOWER USD,TOWER-USD,2023-08-08,0.0011729999678209,0.0012209999840706,0.0011520000407472,0.0012159999459981,0.0012159999459981,140073
TOWER USD,TOWER-USD,2023-08-09,0.001215000054799,0.001230000052601,0.0011520000407472,0.001211000024341,0.001211000024341,164462
TOWER USD,TOWER-USD,2023-08-10,0.001211000024341,0.0012219999916851,0.001187999965623,0.0011960000265389,0.0011960000265389,60053
TOWER USD,TOWER-USD,2023-08-11,0.0011960000265389,0.0012669999850913,0.0011869999580085,0.0012339999666437,0.0012339999666437,27125
TOWER USD,TOWER-USD,2023-08-12,0.0012339999666437,0.0012339999666437,0.001211000024341,0.0012189999688416,0.0012189999688416,7729
TOWER USD,TOWER-USD,2023-08-13,0.0012189999688416,0.0012659999774768,0.0012000000569969,0.00121300003957,0.00121300003957,9268
TOWER USD,TOWER-USD,2023-08-14,0.00121300003957,0.0012410000199452,0.001202999963425,0.0012390000047162,0.0012390000047162,102037
TOWER USD,TOWER-USD,2023-08-15,0.0012390000047162,0.0012779999524354,0.0011490000179037,0.0011739999754354,0.0011739999754354,84996
TOWER USD,TOWER-USD,2023-08-16,0.0011739999754354,0.0012339999666437,0.0011569999624043,0.0011849999427795,0.0011849999427795,10371
TOWER USD,TOWER-USD,2023-08-17,0.0011849999427795,0.0011960000265389,0.0010410000104457,0.0010760000441223,0.0010760000441223,112993
TOWER USD,TOWER-USD,2023-08-18,0.0010770000517368,0.0011020000092685,0.0010560000082477,0.0010629999451339,0.0010629999451339,121501
TOWER USD,TOWER-USD,2023-08-19,0.0010629999451339,0.0010999999940395,0.0010219999821856,0.0010860000038519,0.0010860000038519,100285
TOWER USD,TOWER-USD,2023-08-20,0.0010860000038519,0.0011269999668002,0.0010639999527484,0.0011040000244975,0.0011040000244975,31688
TOWER USD,TOWER-USD,2023-08-21,0.0011040000244975,0.001105000032112,0.0010610000463202,0.0010740000288933,0.0010740000288933,7996
TOWER USD,TOWER-USD,2023-08-22,0.0010740000288933,0.0010839999886229,0.0010440000332891,0.0010699999984353,0.0010699999984353,101128
TOWER USD,TOWER-USD,2023-08-23,0.0010699999984353,0.0010890000266954,0.0010509999701753,0.0010730000212788,0.0010730000212788,85527
TOWER USD,TOWER-USD,2023-08-24,0.0010730000212788,0.0010930000571534,0.0010679999832063,0.0010809999657794,0.0010809999657794,87312
TOWER USD,TOWER-USD,2023-08-25,0.0010809999657794,0.0010870000114664,0.0010460000485181,0.0010689999908208,0.0010689999908208,118487
TOWER USD,TOWER-USD,2023-08-26,0.0010689999908208,0.0010740000288933,0.0010519999777898,0.0010669999755918,0.0010669999755918,133307
TOWER USD,TOWER-USD,2023-08-27,0.0010669999755918,0.0011249999515712,0.0010570000158622,0.0011149999918416,0.0011149999918416,173468
TOWER USD,TOWER-USD,2023-08-28,0.0011149999918416,0.0011579999700188,0.0011070000473409,0.0011330000124871,0.0011330000124871,135357
TOWER USD,TOWER-USD,2023-08-29,0.0011330000124871,0.0011680000461637,0.0010999999940395,0.0011449999874457,0.0011449999874457,131354
TOWER USD,TOWER-USD,2023-08-30,0.0011449999874457,0.0011459999950602,0.0010860000038519,0.0011149999918416,0.0011149999918416,21386
TOWER USD,TOWER-USD,2023-08-31,0.0011149999918416,0.0011230000527575,0.0010560000082477,0.0010679999832063,0.0010679999832063,8933
TOWER USD,TOWER-USD,2023-09-01,0.0010679999832063,0.0010770000517368,0.0010319999419152,0.0010470000561326,0.0010470000561326,11710
TOWER USD,TOWER-USD,2023-09-02,0.0010479999473318,0.0011119999689981,0.0010379999876022,0.0010849999962374,0.0010849999962374,12608
TOWER USD,TOWER-USD,2023-09-03,0.0010860000038519,0.0010920000495389,0.0010280000278726,0.0010310000507161,0.0010310000507161,20899
TOWER USD,TOWER-USD,2023-09-04,0.0010310000507161,0.0010369999799877,0.0009929999941959,0.001016000052914,0.001016000052914,9743
TOWER USD,TOWER-USD,2023-09-05,0.0010169999441131,0.0010470000561326,0.001005999976769,0.0010239999974146,0.0010239999974146,11940
TOWER USD,TOWER-USD,2023-09-06,0.0010239999974146,0.0010550000006332,0.0009769999887794,0.0009950000094249,0.0009950000094249,7336
TOWER USD,TOWER-USD,2023-09-07,0.0009950000094249,0.0010880000190809,0.0009940000018104,0.0010470000561326,0.0010470000561326,9056
TOWER USD,TOWER-USD,2023-09-08,0.0010470000561326,0.001122000045143,0.0009830000344663,0.001010000007227,0.001010000007227,19954
TOWER USD,TOWER-USD,2023-09-09,0.001010000007227,0.0010880000190809,0.0010039999615401,0.0010130000300705,0.0010130000300705,12762
TOWER USD,TOWER-USD,2023-09-10,0.0010130000300705,0.0010669999755918,0.0009970000246539,0.0010499999625608,0.0010499999625608,14732
TOWER USD,TOWER-USD,2023-09-11,0.0010499999625608,0.0010550000006332,0.0009970000246539,0.0010069999843835,0.0010069999843835,17680
TOWER USD,TOWER-USD,2023-09-12,0.0010069999843835,0.0010400000028312,0.0009950000094249,0.0010359999723732,0.0010359999723732,93884
TOWER USD,TOWER-USD,2023-09-13,0.0010359999723732,0.0010430000256747,0.0009769999887794,0.0009779999963939,0.0009779999963939,144280
TOWER USD,TOWER-USD,2023-09-14,0.0009775675134733,0.0010002995841205,0.0009702699608169,0.0009983130730688,0.0009983130730688,74454
TOWER USD,TOWER-USD,2023-09-15,0.0010034622391685,0.0010092480806633,0.0009788668248802,0.0010092480806633,0.0010092480806633,8967
TOWER USD,TOWER-USD,2023-09-16,0.0010030478006228,0.0010649326723068,0.0009879854042083,0.0010020451154559,0.0010020451154559,65964
TOWER USD,TOWER-USD,2023-09-17,0.0010020020417869,0.0010858016321435,0.000995981041342,0.0010793902911245,0.0010793902911245,45879
TOWER USD,TOWER-USD,2023-09-18,0.0010800957679748,0.0012527640210464,0.0010616942308843,0.0011912329355254,0.0011912329355254,94541
TOWER USD,TOWER-USD,2023-09-19,0.0011914022034034,0.0012360089458525,0.0011685031931847,0.0011707771336659,0.0011707771336659,134842
TOWER USD,TOWER-USD,2023-09-20,0.00117078947369,0.0011761410860344,0.0011533196084201,0.0011632796376943,0.0011632796376943,86966
TOWER USD,TOWER-USD,2023-09-21,0.0011633430840447,0.0011786547256633,0.001080920221284,0.0010902307694777,0.0010902307694777,120764
TOWER USD,TOWER-USD,2023-09-24,0.0010910406708717,0.0010920037748292,0.0010893963044509,0.0010902686044573,0.0010902686044573,144232
TOWER USD,TOWER-USD,2023-09-22,0.0010900000343099,0.0011259999591857,0.0010839999886229,0.001105000032112,0.001105000032112,139734
TOWER USD,TOWER-USD,2023-09-23,0.001105000032112,0.0011210000375285,0.0010880000190809,0.0010910000419244,0.0010910000419244,146462
TOWER USD,TOWER-USD,2023-09-25,0.001076154410839,0.001096274703741,0.0010626596631482,0.001096274703741,0.001096274703741,51574
TOWER USD,TOWER-USD,2023-09-26,0.0010974359465762,0.0011524338042363,0.0010863152565434,0.0010884391376748,0.0010884391376748,20306
TOWER USD,TOWER-USD,2023-09-27,0.0010903707006946,0.0011033253977075,0.0010755024850368,0.0010965404799208,0.0010965404799208,79056
TOWER USD,TOWER-USD,2023-09-28,0.0010966818081215,0.0011129863560199,0.0010310333454981,0.0010334911057725,0.0010334911057725,53895
TOWER USD,TOWER-USD,2023-09-29,0.001026035984978,0.0010374358389526,0.0010053298901766,0.0010286974720656,0.0010286974720656,26411
TOWER USD,TOWER-USD,2023-09-30,0.0010106032714247,0.0011060740798711,0.0010105459950864,0.0010733866365626,0.0010733866365626,50984
TOWER USD,TOWER-USD,2023-10-01,0.001071999548003,0.0010933534940704,0.0010411061812192,0.0010801285970956,0.0010801285970956,11913
TOWER USD,TOWER-USD,2023-10-02,0.0010773098329082,0.0010774434776976,0.0009997981833294,0.0010111476294696,0.0010111476294696,10522
TOWER USD,TOWER-USD,2023-10-03,0.0010098298080265,0.0010677453828975,0.0010031247511506,0.0010671078925952,0.0010671078925952,96317
TOWER USD,TOWER-USD,2023-10-04,0.0010669999755918,0.0010710000060498,0.0010260000126436,0.0010349999647587,0.0010349999647587,64309
TOWER USD,TOWER-USD,2023-10-05,0.0010346340714022,0.0010358744766563,0.0010087735718116,0.0010229509789496,0.0010229509789496,11366
TOWER USD,TOWER-USD,2023-10-06,0.0009438804700039,0.0009708357974886,0.0009397147805429,0.0009605299565009,0.0009605299565009,15785
TOWER USD,TOWER-USD,2023-10-07,0.0009561206679791,0.0009591584675945,0.0009172827121801,0.0009281563106924,0.0009281563106924,16858
TOWER USD,TOWER-USD,2023-10-08,0.0009263199754059,0.0009391826461069,0.000921630533412,0.0009373475331813,0.0009373475331813,24106
TOWER USD,TOWER-USD,2023-10-09,0.0009386996389366686,0.0009678767528384924,0.0009042828460223973,0.0009047367493622005,0.0009047367493622005,13560
