Name,Symbol,Date,Open,High,Low,Close,Adj Close,Volume
YUSD Stablecoin USD,YUSD-USD,2022-04-17,1.0120849609375,1.0174050331115725,0.9981039762496948,1.00286602973938,1.00286602973938,842461
YUSD Stablecoin USD,YUSD-USD,2022-04-18,1.00286602973938,1.019922971725464,0.9729859828948976,1.0099539756774902,1.0099539756774902,858225
YUSD Stablecoin USD,YUSD-USD,2022-04-19,1.0099539756774902,1.0681949853897097,0.9994000196456908,1.0082590579986572,1.0082590579986572,845983
YUSD Stablecoin USD,YUSD-USD,2022-04-20,1.0082590579986572,1.0211119651794434,0.9994909763336182,1.004544019699097,1.004544019699097,472179
YUSD Stablecoin USD,YUSD-USD,2022-04-21,1.0110739469528198,1.0534050464630127,0.9967650175094604,1.0032310485839844,1.0032310485839844,351440
YUSD Stablecoin USD,YUSD-USD,2022-04-22,1.0032320022583008,1.0191179513931274,0.993332028388977,1.0040550231933594,1.0040550231933594,368779
YUSD Stablecoin USD,YUSD-USD,2022-04-23,1.0040520429611206,1.0147550106048584,0.989952027797699,0.9987210035324096,0.9987210035324096,260379
YUSD Stablecoin USD,YUSD-USD,2022-04-24,0.998714029788971,1.0145989656448364,0.9936710000038148,1.0049190521240234,1.0049190521240234,160316
YUSD Stablecoin USD,YUSD-USD,2022-04-25,1.0049190521240234,1.017778992652893,0.9785280227661132,0.9934390187263488,0.9934390187263488,259291
YUSD Stablecoin USD,YUSD-USD,2022-04-26,0.9934390187263488,1.021659016609192,0.989109992980957,1.0120279788970947,1.0120279788970947,182959
YUSD Stablecoin USD,YUSD-USD,2022-04-27,1.0120270252227783,1.019631028175354,0.9896780252456664,0.9969459772109984,0.9969459772109984,165480
YUSD Stablecoin USD,YUSD-USD,2022-04-28,0.9969459772109984,1.017560958862305,0.9901750087738036,0.9989659786224364,0.9989659786224364,282923
YUSD Stablecoin USD,YUSD-USD,2022-04-29,0.9989680051803588,1.016137957572937,0.9908649921417236,0.998324990272522,0.998324990272522,166076
YUSD Stablecoin USD,YUSD-USD,2022-04-30,0.9983239769935608,1.015491962432861,0.9877169728279114,1.0075689554214478,1.0075689554214478,229048
YUSD Stablecoin USD,YUSD-USD,2022-05-01,1.0075689554214478,1.0168880224227903,0.9824410080909728,0.9987450242042542,0.9987450242042542,205163
YUSD Stablecoin USD,YUSD-USD,2022-05-02,0.9987450242042542,1.0150749683380127,0.981590986251831,0.9986109733581544,0.9986109733581544,93466
YUSD Stablecoin USD,YUSD-USD,2022-05-03,0.9986109733581544,1.0145750045776367,0.983106017112732,1.0047049522399902,1.0047049522399902,41423
YUSD Stablecoin USD,YUSD-USD,2022-05-04,1.0047019720077517,1.0161620378494265,0.9815449714660645,1.0002440214157104,1.0002440214157104,90238
YUSD Stablecoin USD,YUSD-USD,2022-05-05,1.0002440214157104,1.02183198928833,0.9739850163459778,1.004384994506836,1.004384994506836,106471
YUSD Stablecoin USD,YUSD-USD,2022-05-06,1.0043829679489136,1.0196199417114258,0.9782009720802308,1.0025030374526978,1.0025030374526978,89622
YUSD Stablecoin USD,YUSD-USD,2022-05-07,1.0025049448013306,1.012387990951538,0.982894003391266,1.0003279447555542,1.0003279447555542,79846
YUSD Stablecoin USD,YUSD-USD,2022-05-08,1.0003269910812378,1.0106569528579712,0.9843000173568726,0.9928730130195618,0.9928730130195618,99346
YUSD Stablecoin USD,YUSD-USD,2022-05-09,0.9928730130195618,1.0155140161514282,0.9757850170135498,0.9904119968414308,0.9904119968414308,168431
YUSD Stablecoin USD,YUSD-USD,2022-05-10,0.9904119968414308,1.0171799659729004,0.9781200289726256,1.0036660432815552,1.0036660432815552,233478
YUSD Stablecoin USD,YUSD-USD,2022-05-11,1.0036660432815552,1.016226053237915,0.9742119908332824,0.9882969856262208,0.9882969856262208,781730
YUSD Stablecoin USD,YUSD-USD,2022-05-12,0.9883000254631042,1.024129033088684,0.982990026473999,0.9887130260467528,0.9887130260467528,375143
YUSD Stablecoin USD,YUSD-USD,2022-05-13,0.9887120127677916,1.011823058128357,0.9838280081748962,0.9936169981956482,0.9936169981956482,102543
YUSD Stablecoin USD,YUSD-USD,2022-05-14,0.9936410188674928,1.0017889738082886,0.9897689819335938,0.9984229803085328,0.9984229803085328,50989
YUSD Stablecoin USD,YUSD-USD,2022-05-15,0.9984170198440552,1.008905053138733,0.9868620038032532,1.0021569728851318,1.0021569728851318,41978
YUSD Stablecoin USD,YUSD-USD,2022-05-16,1.0021569728851318,1.0091910362243652,0.9880260229110718,0.9948049783706664,0.9948049783706664,47619
YUSD Stablecoin USD,YUSD-USD,2022-05-17,0.9948049783706664,1.010004997253418,0.9893360137939452,1.001404047012329,1.001404047012329,30227
YUSD Stablecoin USD,YUSD-USD,2022-05-18,1.001404047012329,1.0089969635009766,0.9871190190315248,0.9930739998817444,0.9930739998817444,37181
YUSD Stablecoin USD,YUSD-USD,2022-05-19,0.9929850101470948,1.0077790021896362,0.9794819951057434,0.9854649901390076,0.9854649901390076,34921
YUSD Stablecoin USD,YUSD-USD,2022-05-20,0.9854649901390076,1.0010470151901243,0.97563898563385,0.9863759875297546,0.9863759875297546,68089
YUSD Stablecoin USD,YUSD-USD,2022-05-21,0.9863770008087158,1.0004609823226929,0.9812570214271544,0.9895750284194946,0.9895750284194946,19843
YUSD Stablecoin USD,YUSD-USD,2022-05-22,0.9895750284194946,1.0013229846954346,0.9796770215034484,0.982160985469818,0.982160985469818,17083
YUSD Stablecoin USD,YUSD-USD,2022-05-23,0.982160985469818,1.0054470300674438,0.9790760278701782,0.9929730296134948,0.9929730296134948,33906
YUSD Stablecoin USD,YUSD-USD,2022-05-24,0.9929730296134948,1.0024160146713257,0.9801939725875854,0.988985002040863,0.988985002040863,10967
YUSD Stablecoin USD,YUSD-USD,2022-05-25,0.988983988761902,1.0034220218658447,0.9782310128211976,0.9847099781036376,0.9847099781036376,20007
YUSD Stablecoin USD,YUSD-USD,2022-05-26,0.9847099781036376,1.0027040243148804,0.9774479866027832,0.9852970242500304,0.9852970242500304,15480
YUSD Stablecoin USD,YUSD-USD,2022-05-27,0.9852219820022584,1.002987027168274,0.9795989990234376,0.9909780025482178,0.9909780025482178,29518
YUSD Stablecoin USD,YUSD-USD,2022-05-28,0.9920679926872252,0.9931349754333496,0.990032970905304,0.99140602350235,0.99140602350235,28148
YUSD Stablecoin USD,YUSD-USD,2022-05-29,0.99140602350235,1.0039290189743042,0.9803040027618408,0.9920889735221864,0.9920889735221864,4695
YUSD Stablecoin USD,YUSD-USD,2022-05-30,0.9920889735221864,1.0058549642562866,0.9781960248947144,0.9926660060882568,0.9926660060882568,8720
YUSD Stablecoin USD,YUSD-USD,2022-05-31,0.9926660060882568,1.0075310468673706,0.9798399806022644,0.9900910258293152,0.9900910258293152,13211
YUSD Stablecoin USD,YUSD-USD,2022-06-01,0.9900919795036316,1.0063469409942627,0.981383979320526,0.9909409880638124,0.9909409880638124,10046
YUSD Stablecoin USD,YUSD-USD,2022-06-02,0.9909440279006958,1.0085680484771729,0.977545976638794,0.9879019856452942,0.9879019856452942,9576
YUSD Stablecoin USD,YUSD-USD,2022-06-03,0.9879019856452942,1.0046169757843018,0.9814659953117372,0.9942420125007628,0.9942420125007628,34784
YUSD Stablecoin USD,YUSD-USD,2022-06-04,0.9942420125007628,1.0045349597930908,0.9814929962158204,1.0022289752960205,1.0022289752960205,13092
YUSD Stablecoin USD,YUSD-USD,2022-06-05,1.0022289752960205,1.0139410495758057,0.983938992023468,0.9862880110740662,0.9862880110740662,7647
YUSD Stablecoin USD,YUSD-USD,2022-06-06,0.9862880110740662,1.0204479694366455,0.9832500219345092,0.997771978378296,0.997771978378296,43211
YUSD Stablecoin USD,YUSD-USD,2022-06-07,0.997771978378296,1.0064380168914795,0.9830099940299988,0.9935870170593262,0.9935870170593262,15160
YUSD Stablecoin USD,YUSD-USD,2022-06-08,0.993565022945404,1.0044100284576416,0.9816820025444032,0.9893559813499452,0.9893559813499452,3040
YUSD Stablecoin USD,YUSD-USD,2022-06-09,0.9893559813499452,1.011546969413757,0.9800750017166138,1.0035990476608276,1.0035990476608276,2907
YUSD Stablecoin USD,YUSD-USD,2022-06-10,1.0035990476608276,1.008147954940796,0.9790859818458556,0.9900479912757874,0.9900479912757874,5581
YUSD Stablecoin USD,YUSD-USD,2022-06-11,0.9900479912757874,1.006872057914734,0.9772679805755616,0.9913610219955444,0.9913610219955444,2810
YUSD Stablecoin USD,YUSD-USD,2022-06-12,0.9913610219955444,1.0064330101013184,0.9706739783287048,0.983036994934082,0.983036994934082,29692
YUSD Stablecoin USD,YUSD-USD,2022-06-13,0.9830120205879213,1.021386981010437,0.9444130063056946,1.0065369606018066,1.0065369606018066,3797
YUSD Stablecoin USD,YUSD-USD,2022-06-14,1.0065369606018066,1.0185120105743408,0.9630659818649292,0.9952710270881652,0.9952710270881652,1507
YUSD Stablecoin USD,YUSD-USD,2022-06-15,0.9952710270881652,1.0234899520874023,0.9612630009651184,1.0041110515594482,1.0041110515594482,9948
YUSD Stablecoin USD,YUSD-USD,2022-06-16,1.0041110515594482,1.0166369676589966,0.9736930131912231,0.9989359974861144,0.9989359974861144,4304
YUSD Stablecoin USD,YUSD-USD,2022-06-17,0.9989359974861144,1.0133589506149292,0.977050006389618,0.987214982509613,0.987214982509613,2915
YUSD Stablecoin USD,YUSD-USD,2022-06-18,0.987214982509613,1.0186280012130735,0.97052800655365,0.9870160222053528,0.9870160222053528,1134
YUSD Stablecoin USD,YUSD-USD,2022-06-19,0.9870160222053528,1.0215120315551758,0.9702669978141784,0.996062994003296,0.996062994003296,819
YUSD Stablecoin USD,YUSD-USD,2022-06-20,0.996062994003296,1.016813039779663,0.9679239988327026,1.009713053703308,1.009713053703308,3045
YUSD Stablecoin USD,YUSD-USD,2022-06-21,1.009713053703308,1.0194189548492432,0.9680479764938354,0.9971020221710204,0.9971020221710204,4915
YUSD Stablecoin USD,YUSD-USD,2022-06-22,0.9971010088920592,1.0170910358428955,0.972046971321106,0.992799997329712,0.992799997329712,2089
YUSD Stablecoin USD,YUSD-USD,2022-06-23,0.9927949905395508,1.0144929885864258,0.9764360189437866,0.999875009059906,0.999875009059906,535
YUSD Stablecoin USD,YUSD-USD,2022-06-24,0.999875009059906,1.0511380434036257,0.9728059768676758,0.999085009098053,0.999085009098053,784
YUSD Stablecoin USD,YUSD-USD,2022-06-25,0.999085009098053,1.0350639820098877,0.970097005367279,1.0036380290985107,1.0036380290985107,289
YUSD Stablecoin USD,YUSD-USD,2022-06-26,1.0036380290985107,1.0154550075531006,0.9717469811439514,0.9780409932136536,0.9780409932136536,1124
YUSD Stablecoin USD,YUSD-USD,2022-06-27,0.9780409932136536,1.01807701587677,0.9694889783859252,0.9902859926223756,0.9902859926223756,361
YUSD Stablecoin USD,YUSD-USD,2022-06-28,0.9902859926223756,1.0211650133132937,0.9211339950561525,0.9801480174064636,0.9801480174064636,21253
YUSD Stablecoin USD,YUSD-USD,2022-06-29,0.9801480174064636,1.0143109560012815,0.9765059947967528,0.9821199774742126,0.9821199774742126,730
YUSD Stablecoin USD,YUSD-USD,2022-06-30,0.9821199774742126,1.0173710584640503,0.9692760109901428,1.014809012413025,1.014809012413025,1041
YUSD Stablecoin USD,YUSD-USD,2022-07-01,1.014809012413025,1.0152980089187622,0.9710620045661926,0.9843069911003112,0.9843069911003112,1027
YUSD Stablecoin USD,YUSD-USD,2022-07-02,0.9843069911003112,1.0131419897079468,0.9791359901428224,1.0031629800796509,1.0031629800796509,251
YUSD Stablecoin USD,YUSD-USD,2022-07-03,1.0031629800796509,1.0157289505004885,0.975965976715088,0.9997199773788452,0.9997199773788452,248
YUSD Stablecoin USD,YUSD-USD,2022-07-04,0.9997199773788452,1.069074034690857,0.9760770201683044,0.9975169897079468,0.9975169897079468,1131
YUSD Stablecoin USD,YUSD-USD,2022-07-05,0.9975169897079468,1.0180740356445312,0.9729040265083312,0.9842450022697448,0.9842450022697448,649
YUSD Stablecoin USD,YUSD-USD,2022-07-06,0.9842450022697448,1.019858956336975,0.9720460176467896,0.9896010160446168,0.9896010160446168,734
YUSD Stablecoin USD,YUSD-USD,2022-07-07,0.9895989894866944,1.025773048400879,0.9737650156021118,1.0017060041427612,1.0017060041427612,217
YUSD Stablecoin USD,YUSD-USD,2022-07-08,1.0017039775848389,1.0361859798431396,0.966962993144989,0.976993978023529,0.976993978023529,90
YUSD Stablecoin USD,YUSD-USD,2022-07-09,0.976993978023529,1.011489987373352,0.9702379703521729,0.9970719814300536,0.9970719814300536,142
YUSD Stablecoin USD,YUSD-USD,2022-07-10,0.9970719814300536,1.0180480480194092,0.9674249887466432,0.9896979928016664,0.9896979928016664,25
YUSD Stablecoin USD,YUSD-USD,2022-07-11,0.9896979928016664,1.003519058227539,0.96670001745224,0.9821540117263794,0.9821540117263794,103
YUSD Stablecoin USD,YUSD-USD,2022-07-12,0.9821540117263794,1.0230549573898315,0.965969979763031,0.9978979825973512,0.9978979825973512,97
YUSD Stablecoin USD,YUSD-USD,2022-07-13,0.9978979825973512,1.023677945137024,0.9845709800720216,1.0032609701156616,1.0032609701156616,282
YUSD Stablecoin USD,YUSD-USD,2022-07-14,1.0032609701156616,1.0227750539779663,0.967096984386444,1.0049359798431396,1.0049359798431396,197
YUSD Stablecoin USD,YUSD-USD,2022-07-15,1.0049359798431396,1.0220119953155518,0.9694010019302368,0.980408012866974,0.980408012866974,117
YUSD Stablecoin USD,YUSD-USD,2022-07-16,0.980408012866974,1.0230449438095093,0.9690290093421936,0.994944989681244,0.994944989681244,405
YUSD Stablecoin USD,YUSD-USD,2022-07-17,0.994944989681244,1.0269639492034912,0.973563015460968,0.973563015460968,0.973563015460968,181
YUSD Stablecoin USD,YUSD-USD,2022-07-18,0.973563015460968,1.025447964668274,0.966238021850586,1.0041799545288086,1.0041799545288086,253
YUSD Stablecoin USD,YUSD-USD,2022-07-19,1.0042740106582642,1.0294170379638672,0.9652550220489502,0.9871789813041688,0.9871789813041688,186
YUSD Stablecoin USD,YUSD-USD,2022-07-20,0.9871789813041688,1.0230250358581543,0.96281099319458,0.9787909984588624,0.9787909984588624,190
YUSD Stablecoin USD,YUSD-USD,2022-07-21,0.9787909984588624,1.0250680446624756,0.9676250219345092,0.9865909814834596,0.9865909814834596,146
YUSD Stablecoin USD,YUSD-USD,2022-07-22,0.9865909814834596,1.0229729413986206,0.9680960178375244,0.9840270280838012,0.9840270280838012,541
YUSD Stablecoin USD,YUSD-USD,2022-07-23,0.9840270280838012,1.023056983947754,0.9665089845657348,0.9901900291442872,0.9901900291442872,1570
YUSD Stablecoin USD,YUSD-USD,2022-07-24,0.9901900291442872,1.0361109972000122,0.9660570025444032,0.992458999156952,0.992458999156952,50843
YUSD Stablecoin USD,YUSD-USD,2022-07-25,0.992458999156952,1.018900990486145,0.972553014755249,0.9928849935531616,0.9928849935531616,53169
YUSD Stablecoin USD,YUSD-USD,2022-07-26,0.9928849935531616,1.0075470209121704,0.9864180088043212,0.9926599860191344,0.9926599860191344,60106
YUSD Stablecoin USD,YUSD-USD,2022-07-27,0.9926599860191344,1.008368968963623,0.9831269979476928,1.000226974487305,1.000226974487305,158531
YUSD Stablecoin USD,YUSD-USD,2022-07-28,1.000226974487305,1.004606008529663,0.984827995300293,1.0008690357208252,1.0008690357208252,89981
YUSD Stablecoin USD,YUSD-USD,2022-07-29,1.0008690357208252,1.0049010515213013,0.9857950210571288,0.989757001399994,0.989757001399994,57533
YUSD Stablecoin USD,YUSD-USD,2022-07-30,0.989757001399994,1.0032639503479004,0.9852570295333862,0.997833013534546,0.997833013534546,67097
YUSD Stablecoin USD,YUSD-USD,2022-07-31,0.9978439807891846,1.004796028137207,0.9840160012245178,0.9907100200653076,0.9907100200653076,58363
YUSD Stablecoin USD,YUSD-USD,2022-08-01,0.9907159805297852,1.002181053161621,0.9842590093612672,0.9905949831008912,0.9905949831008912,23017
YUSD Stablecoin USD,YUSD-USD,2022-08-02,0.9905949831008912,1.0016759634017944,0.9808390140533448,0.9925270080566406,0.9925270080566406,30200
YUSD Stablecoin USD,YUSD-USD,2022-08-03,0.9925569891929626,1.0011800527572632,0.9843159914016724,0.9908689856529236,0.9908689856529236,6114
YUSD Stablecoin USD,YUSD-USD,2022-08-04,0.9908689856529236,1.002599000930786,0.985584020614624,1.0007729530334473,1.0007729530334473,6382
YUSD Stablecoin USD,YUSD-USD,2022-08-05,1.0007719993591309,1.003633975982666,0.985265016555786,1.0012969970703125,1.0012969970703125,9709
YUSD Stablecoin USD,YUSD-USD,2022-08-06,1.0012999773025513,1.0060689449310305,0.9875659942626952,1.0018110275268557,1.0018110275268557,16098
YUSD Stablecoin USD,YUSD-USD,2022-08-07,1.0018110275268557,1.002344012260437,0.9842050075531006,0.9971569776535034,0.9971569776535034,15731
YUSD Stablecoin USD,YUSD-USD,2022-08-08,0.9971569776535034,1.0051549673080444,0.9851490259170532,0.9889770150184632,0.9889770150184632,12715
YUSD Stablecoin USD,YUSD-USD,2022-08-09,0.9889919757843018,1.0053679943084717,0.9756039977073668,1.0027530193328855,1.0027530193328855,0
YUSD Stablecoin USD,YUSD-USD,2022-08-10,1.0027530193328855,1.0048730373382568,0.978797972202301,0.9987289905548096,0.9987289905548096,25233
YUSD Stablecoin USD,YUSD-USD,2022-08-11,0.9987559914588928,1.001837968826294,0.9084630012512208,0.9084630012512208,0.9084630012512208,14747
YUSD Stablecoin USD,YUSD-USD,2022-08-12,0.9085900187492372,1.016162991523743,0.9085900187492372,0.9938089847564696,0.9938089847564696,9831
YUSD Stablecoin USD,YUSD-USD,2022-08-13,0.9938290119171144,1.0330450534820557,0.9353259801864624,1.016922950744629,1.016922950744629,2111
YUSD Stablecoin USD,YUSD-USD,2022-08-14,1.0168780088424685,1.028777003288269,0.9356930255889891,0.9893969893455504,0.9893969893455504,2417
YUSD Stablecoin USD,YUSD-USD,2022-08-15,0.9894009828567504,1.0415350198745728,0.9269919991493224,0.9955369830131532,0.9955369830131532,1959
YUSD Stablecoin USD,YUSD-USD,2022-08-16,0.995514988899231,1.031020998954773,0.8917059898376465,1.0126880407333374,1.0126880407333374,2250
YUSD Stablecoin USD,YUSD-USD,2022-08-17,1.0128090381622314,1.07055401802063,0.8952630162239075,0.9910989999771118,0.9910989999771118,3246
YUSD Stablecoin USD,YUSD-USD,2022-08-18,0.9910420179367064,1.046584963798523,0.9070429801940918,0.9907960295677184,0.9907960295677184,1779
YUSD Stablecoin USD,YUSD-USD,2022-08-19,0.9903820157051086,1.049744963645935,0.9053940176963806,0.98472398519516,0.98472398519516,1617
YUSD Stablecoin USD,YUSD-USD,2022-08-20,0.9848660230636596,1.0267770290374756,0.9356499910354614,1.0032579898834229,1.0032579898834229,2359
YUSD Stablecoin USD,YUSD-USD,2022-08-21,1.0032930374145508,1.069623947143555,0.8868439793586731,0.997510015964508,0.997510015964508,1972
YUSD Stablecoin USD,YUSD-USD,2022-08-22,0.9975759983062744,1.038663029670715,0.970346987247467,1.017838954925537,1.017838954925537,1043
YUSD Stablecoin USD,YUSD-USD,2022-08-23,1.0181299448013306,1.0779869556427002,0.970329999923706,1.0152939558029177,1.0152939558029177,2389
YUSD Stablecoin USD,YUSD-USD,2022-08-24,1.0154629945755005,1.0377390384674072,0.9571179747581482,0.9826930165290833,0.9826930165290833,1262
YUSD Stablecoin USD,YUSD-USD,2022-08-25,0.9828670024871826,1.0219860076904297,0.9230200052261353,0.9965620040893556,0.9965620040893556,875
YUSD Stablecoin USD,YUSD-USD,2022-08-26,0.9970290064811708,1.0287450551986694,0.9283649921417236,1.0080510377883911,1.0080510377883911,2037
YUSD Stablecoin USD,YUSD-USD,2022-08-27,1.0097869634628296,1.0232080221176147,0.9200860261917114,0.9757400155067444,0.9757400155067444,1664
YUSD Stablecoin USD,YUSD-USD,2022-08-28,0.975745975971222,1.0472350120544434,0.9505419731140136,0.9932979941368104,0.9932979941368104,1818
YUSD Stablecoin USD,YUSD-USD,2022-08-29,0.9946029782295228,1.0338890552520752,0.9397630095481871,1.0130900144577026,1.0130900144577026,1149
YUSD Stablecoin USD,YUSD-USD,2022-08-30,1.0131069421768188,1.076274037361145,0.92431902885437,1.009091019630432,1.009091019630432,6070
YUSD Stablecoin USD,YUSD-USD,2022-08-31,1.0090969800949097,1.0559959411621094,0.9388890266418456,0.9822310209274292,0.9822310209274292,3358
YUSD Stablecoin USD,YUSD-USD,2022-09-01,0.982208013534546,1.1277409791946411,0.9687290191650392,1.0082770586013794,1.0082770586013794,3975
YUSD Stablecoin USD,YUSD-USD,2022-09-02,1.0083149671554563,1.107830047607422,0.9609649777412416,1.0046039819717407,1.0046039819717407,1646
YUSD Stablecoin USD,YUSD-USD,2022-09-03,1.0047229528427124,1.0365819931030271,0.8936939835548401,0.9880459904670716,0.9880459904670716,1526
YUSD Stablecoin USD,YUSD-USD,2022-09-04,0.9879680275917052,1.0220589637756348,0.9363960027694702,0.9956589937210084,0.9956589937210084,1129
YUSD Stablecoin USD,YUSD-USD,2022-09-05,0.9958779811859132,1.0393010377883911,0.9289029836654664,1.0164010524749756,1.0164010524749756,1648
YUSD Stablecoin USD,YUSD-USD,2022-09-06,1.022616982460022,1.043230056762695,0.9354550242424012,1.0148849487304688,1.0148849487304688,2083
YUSD Stablecoin USD,YUSD-USD,2022-09-07,1.0150190591812134,1.016746997833252,0.9499679803848268,0.950536012649536,0.950536012649536,2450
YUSD Stablecoin USD,YUSD-USD,2022-09-08,0.9504200220108032,1.024175047874451,0.9428489804267884,1.008254051208496,1.008254051208496,1342
YUSD Stablecoin USD,YUSD-USD,2022-09-09,1.008254051208496,1.050997972488403,0.8840420246124268,1.0000230073928833,1.0000230073928833,2135
YUSD Stablecoin USD,YUSD-USD,2022-09-10,1.000236988067627,1.0446380376815796,0.8585219979286194,0.9994770288467408,0.9994770288467408,1893
YUSD Stablecoin USD,YUSD-USD,2022-09-11,0.9994869828224182,1.021100997924805,0.9759650230407716,1.0060559511184692,1.0060559511184692,793
YUSD Stablecoin USD,YUSD-USD,2022-09-12,1.0060620307922363,1.0331480503082275,0.920399010181427,0.9981409907341005,0.9981409907341005,942
YUSD Stablecoin USD,YUSD-USD,2022-09-13,0.9982370138168336,1.0234709978103638,0.9491440057754515,1.0080729722976685,1.0080729722976685,431
YUSD Stablecoin USD,YUSD-USD,2022-09-14,0.9950889945030212,1.0240390300750732,0.8867490291595459,0.9929779767990112,0.9929779767990112,1193
YUSD Stablecoin USD,YUSD-USD,2022-09-15,0.9930260181427002,1.0243680477142334,0.9578800201416016,1.0080809593200684,1.0080809593200684,620
YUSD Stablecoin USD,YUSD-USD,2022-09-16,1.006978988647461,1.044464945793152,0.9764009714126588,1.0213240385055542,1.0213240385055542,633
YUSD Stablecoin USD,YUSD-USD,2022-09-17,1.0213780403137207,1.0416690111160278,0.9662290215492249,0.99440997838974,0.99440997838974,362
YUSD Stablecoin USD,YUSD-USD,2022-09-18,0.9963279962539672,1.0372339487075806,0.9411590099334716,0.9864190220832824,0.9864190220832824,645
YUSD Stablecoin USD,YUSD-USD,2022-09-19,0.986644983291626,1.040761947631836,0.9610729813575744,0.9958230257034302,0.9958230257034302,388
YUSD Stablecoin USD,YUSD-USD,2022-09-20,0.9958959817886353,1.0274920463562012,0.9701910018920898,0.9823150038719176,0.9823150038719176,520
YUSD Stablecoin USD,YUSD-USD,2022-09-21,0.9823009967803956,1.0325310230255127,0.9645500183105468,1.0153709650039673,1.0153709650039673,764
YUSD Stablecoin USD,YUSD-USD,2022-09-22,1.0154030323028564,1.034587025642395,0.9641979932785034,1.0266460180282593,1.0266460180282593,620
YUSD Stablecoin USD,YUSD-USD,2022-09-23,1.027448058128357,1.0349810123443604,0.953548014163971,0.9988160133361816,0.9988160133361816,476
YUSD Stablecoin USD,YUSD-USD,2022-09-24,0.9997699856758118,1.0274499654769895,0.9625329971313475,1.009099006652832,1.009099006652832,387
YUSD Stablecoin USD,YUSD-USD,2022-09-25,1.0089880228042605,1.0527080297470093,0.9282569885253906,1.0110549926757812,1.0110549926757812,649
YUSD Stablecoin USD,YUSD-USD,2022-09-26,1.0150949954986572,1.0265090465545654,0.9751740097999572,1.0180480480194092,1.0180480480194092,461
YUSD Stablecoin USD,YUSD-USD,2022-09-27,1.015679955482483,1.0231889486312866,0.934037983417511,0.9376500248908995,0.9376500248908995,684
YUSD Stablecoin USD,YUSD-USD,2022-09-28,0.937650978565216,1.0199769735336304,0.9331259727478028,0.981893002986908,0.981893002986908,339
YUSD Stablecoin USD,YUSD-USD,2022-09-29,0.9861339926719666,1.0148409605026243,0.8802890181541443,1.006450057029724,1.006450057029724,1457
YUSD Stablecoin USD,YUSD-USD,2022-09-30,1.007601022720337,1.0293899774551392,0.967158019542694,0.9979130029678344,0.9979130029678344,227
YUSD Stablecoin USD,YUSD-USD,2022-10-01,0.9961010217666626,1.021021008491516,0.9671379923820496,0.9842010140419006,0.9842010140419006,430
YUSD Stablecoin USD,YUSD-USD,2022-10-02,0.9838550090789796,1.0256470441818235,0.969747006893158,0.9889429807662964,0.9889429807662964,306
YUSD Stablecoin USD,YUSD-USD,2022-10-03,0.9916009902954102,1.0299689769744873,0.9745150208473206,1.0134830474853516,1.0134830474853516,1929
YUSD Stablecoin USD,YUSD-USD,2022-10-04,1.0134810209274292,1.027472972869873,0.9442690014839172,0.9469490051269532,0.9469490051269532,654
YUSD Stablecoin USD,YUSD-USD,2022-10-05,0.9472479820251464,0.9970809817314148,0.9323310256004332,0.9819989800453186,0.9819989800453186,479
YUSD Stablecoin USD,YUSD-USD,2022-10-06,0.9825109839439392,1.009727954864502,0.92043799161911,0.9494609832763672,0.9494609832763672,1030
YUSD Stablecoin USD,YUSD-USD,2022-10-07,0.9510629773139954,1.0171979665756226,0.948881983757019,0.9884859919548036,0.9884859919548036,174
YUSD Stablecoin USD,YUSD-USD,2022-10-08,0.988722026348114,1.016252040863037,0.9530659914016724,0.9822499752044678,0.9822499752044678,407
YUSD Stablecoin USD,YUSD-USD,2022-10-09,0.982125997543335,1.025961995124817,0.9395359754562378,0.9766089916229248,0.9766089916229248,881
YUSD Stablecoin USD,YUSD-USD,2022-10-10,0.9766089916229248,1.001865029335022,0.972698986530304,0.9789170026779176,0.9789170026779176,169
YUSD Stablecoin USD,YUSD-USD,2022-10-11,0.9789170026779176,1.0457240343093872,0.9692630171775818,0.989986002445221,0.989986002445221,434
YUSD Stablecoin USD,YUSD-USD,2022-10-12,0.989986002445221,1.0149970054626465,0.97878098487854,0.9891980290412904,0.9891980290412904,265
YUSD Stablecoin USD,YUSD-USD,2022-10-13,0.9891980290412904,1.0359259843826294,0.9530069828033448,1.012601017951965,1.012601017951965,453
YUSD Stablecoin USD,YUSD-USD,2022-10-14,1.012601017951965,1.018123984336853,0.95489901304245,0.9837279915809632,0.9837279915809632,1205
YUSD Stablecoin USD,YUSD-USD,2022-10-15,0.9837279915809632,1.0143810510635376,0.9687470197677612,0.9906229972839355,0.9906229972839355,266
YUSD Stablecoin USD,YUSD-USD,2022-10-16,0.9906229972839355,1.0199370384216309,0.982303023338318,0.9912809729576112,0.9912809729576112,478
YUSD Stablecoin USD,YUSD-USD,2022-10-17,0.9912809729576112,1.0263320207595823,0.9746450185775756,1.010543942451477,1.010543942451477,516
YUSD Stablecoin USD,YUSD-USD,2022-10-18,1.010543942451477,1.028306007385254,0.9752249717712402,0.9996269941329956,0.9996269941329956,278
YUSD Stablecoin USD,YUSD-USD,2022-10-19,0.9996269941329956,1.0185110569000244,0.9471610188484192,0.991500973701477,0.991500973701477,573
YUSD Stablecoin USD,YUSD-USD,2022-10-20,0.9914479851722716,1.0250730514526367,0.9790350198745728,0.9926760196685792,0.9926760196685792,262
YUSD Stablecoin USD,YUSD-USD,2022-10-21,0.9899569749832152,1.0202579498291016,0.9453579783439636,1.010928988456726,1.010928988456726,763
YUSD Stablecoin USD,YUSD-USD,2022-10-22,1.010928988456726,1.0565630197525024,0.9807940125465392,0.9955009818077089,0.9955009818077089,597
YUSD Stablecoin USD,YUSD-USD,2022-10-23,0.9955009818077089,1.029626965522766,0.9791820049285888,1.0072959661483765,1.0072959661483765,285
YUSD Stablecoin USD,YUSD-USD,2022-10-24,1.0072760581970217,1.023725986480713,0.9763460159301758,1.0206270217895508,1.0206270217895508,448
YUSD Stablecoin USD,YUSD-USD,2022-10-25,1.0206270217895508,1.0271860361099243,0.9643340110778807,0.9869620203971864,0.9869620203971864,638
YUSD Stablecoin USD,YUSD-USD,2022-10-26,0.9872210025787354,1.026703953742981,0.9763849973678588,1.0214929580688477,1.0214929580688477,346
YUSD Stablecoin USD,YUSD-USD,2022-10-27,1.0214929580688477,1.0293819904327393,0.9776470065116882,0.992160975933075,0.992160975933075,223
YUSD Stablecoin USD,YUSD-USD,2022-10-28,0.992160975933075,1.0455379486083984,0.967752993106842,0.970220983028412,0.970220983028412,471
YUSD Stablecoin USD,YUSD-USD,2022-10-29,0.970220983028412,1.0249600410461426,0.9643179774284364,0.9918850064277648,0.9918850064277648,752
YUSD Stablecoin USD,YUSD-USD,2022-10-30,0.9918850064277648,1.0204960107803345,0.9662780165672302,1.001561999320984,1.001561999320984,332
YUSD Stablecoin USD,YUSD-USD,2022-10-31,1.001561999320984,1.0340429544448853,0.9543430209159852,1.0099730491638184,1.0099730491638184,501
YUSD Stablecoin USD,YUSD-USD,2022-11-01,1.0099730491638184,1.0151129961013794,0.9733920097351074,0.9971110224723816,0.9971110224723816,513
YUSD Stablecoin USD,YUSD-USD,2022-11-02,0.9971110224723816,1.013808012008667,0.9474890232086182,0.9973719716072084,0.9973719716072084,1080
YUSD Stablecoin USD,YUSD-USD,2022-11-03,0.997301995754242,1.0218449831008911,0.9639120101928712,0.9865880012512208,0.9865880012512208,577
YUSD Stablecoin USD,YUSD-USD,2022-11-04,0.9857400059700012,1.026270031929016,0.956300973892212,0.9926980137825012,0.9926980137825012,1243
YUSD Stablecoin USD,YUSD-USD,2022-11-05,0.9945170283317566,1.028149962425232,0.9657670259475708,0.9990090131759644,0.9990090131759644,578
YUSD Stablecoin USD,YUSD-USD,2022-11-06,0.99904602766037,1.018615961074829,0.9733179807662964,0.9771220088005066,0.9771220088005066,1179
YUSD Stablecoin USD,YUSD-USD,2022-11-07,0.9787399768829346,1.0491199493408203,0.9695910215377808,1.003290057182312,1.003290057182312,355
YUSD Stablecoin USD,YUSD-USD,2022-11-08,1.003290057182312,1.051226019859314,0.934457004070282,1.0166690349578855,1.0166690349578855,422
YUSD Stablecoin USD,YUSD-USD,2022-11-09,1.0160200595855713,1.0456459522247314,0.9349960088729858,1.006422996520996,1.006422996520996,1017
YUSD Stablecoin USD,YUSD-USD,2022-11-10,1.0056250095367432,1.0756340026855469,0.9435889720916748,1.000067949295044,1.000067949295044,7759
YUSD Stablecoin USD,YUSD-USD,2022-11-11,0.9972090125083924,1.0356730222702026,0.9287220239639282,1.014685034751892,1.014685034751892,1013
YUSD Stablecoin USD,YUSD-USD,2022-11-12,1.0154260396957395,1.031538009643555,0.9517130255699158,0.9919549822807312,0.9919549822807312,834
YUSD Stablecoin USD,YUSD-USD,2022-11-13,0.9919080138206482,1.051177978515625,0.9761210083961488,1.0509250164031982,1.0509250164031982,202
YUSD Stablecoin USD,YUSD-USD,2022-11-14,1.047795057296753,1.0522480010986328,0.9392150044441224,1.016543984413147,1.016543984413147,2234
YUSD Stablecoin USD,YUSD-USD,2022-11-15,1.0166590213775637,1.0326639413833618,0.9951810240745544,1.008070945739746,1.008070945739746,170
YUSD Stablecoin USD,YUSD-USD,2022-11-16,1.0079230070114136,1.0274759531021118,0.9744589924812316,1.009302020072937,1.009302020072937,338
YUSD Stablecoin USD,YUSD-USD,2022-11-17,1.0091949701309204,1.0312199592590332,0.9775540232658386,1.00285804271698,1.00285804271698,430
YUSD Stablecoin USD,YUSD-USD,2022-11-18,1.0029829740524292,1.0310310125350952,0.9882450103759766,1.0033440589904783,1.0033440589904783,236
YUSD Stablecoin USD,YUSD-USD,2022-11-19,1.0033400058746338,1.0392940044403076,0.974668025970459,1.035017967224121,1.035017967224121,393
YUSD Stablecoin USD,YUSD-USD,2022-11-20,1.035017967224121,1.0439859628677368,0.978637993335724,0.9977269768714904,0.9977269768714904,382
YUSD Stablecoin USD,YUSD-USD,2022-11-21,0.9982510209083556,1.020740985870361,0.9320160150527954,0.9932469725608826,0.9932469725608826,350
YUSD Stablecoin USD,YUSD-USD,2022-11-22,0.993547022342682,1.0355770587921145,0.9790670275688172,1.0129319429397583,1.0129319429397583,183
YUSD Stablecoin USD,YUSD-USD,2022-11-23,1.0127530097961426,1.049504041671753,0.981775999069214,1.0182420015335083,1.0182420015335083,333
YUSD Stablecoin USD,YUSD-USD,2022-11-24,1.0197850465774536,1.0308769941329956,0.9830340147018432,1.020920991897583,1.020920991897583,278
YUSD Stablecoin USD,YUSD-USD,2022-11-25,1.020920991897583,1.024718999862671,0.9748809933662416,0.9899839758872986,0.9899839758872986,179
YUSD Stablecoin USD,YUSD-USD,2022-11-26,0.9902160167694092,1.0420639514923096,0.9886320233345032,0.9976019859313964,0.9976019859313964,142
YUSD Stablecoin USD,YUSD-USD,2022-11-27,0.9974049925804138,1.0378860235214231,0.986186981201172,0.9936370253562928,0.9936370253562928,185
YUSD Stablecoin USD,YUSD-USD,2022-11-28,0.9936370253562928,1.0470240116119385,0.9732109904289246,0.980105996131897,0.980105996131897,336
YUSD Stablecoin USD,YUSD-USD,2022-11-29,0.978887975215912,1.0225169658660889,0.967395007610321,1.00102698802948,1.00102698802948,220
YUSD Stablecoin USD,YUSD-USD,2022-11-30,1.00102698802948,1.043012022972107,0.9825040102005004,1.0106940269470217,1.0106940269470217,503
YUSD Stablecoin USD,YUSD-USD,2022-12-01,1.0109590291976929,1.0179489850997925,0.9605870246887208,0.961553990840912,0.961553990840912,212
YUSD Stablecoin USD,YUSD-USD,2022-12-02,0.9601680040359496,1.0361969470977783,0.9601680040359496,1.0057580471038818,1.0057580471038818,182
YUSD Stablecoin USD,YUSD-USD,2022-12-03,1.0058989524841309,1.0490330457687378,0.9750139713287354,0.9870150089263916,0.9870150089263916,174
YUSD Stablecoin USD,YUSD-USD,2022-12-04,0.9869279861450196,1.0240509510040283,0.9852489829063416,1.0083680152893066,1.0083680152893066,203
YUSD Stablecoin USD,YUSD-USD,2022-12-05,1.008283019065857,1.0315250158309937,0.9754490256309508,0.999556005001068,0.999556005001068,225
YUSD Stablecoin USD,YUSD-USD,2022-12-06,0.999556005001068,1.0184459686279297,0.997660994529724,1.0013610124588013,1.0013610124588013,157559
YUSD Stablecoin USD,YUSD-USD,2022-12-07,1.0012969970703125,1.0035409927368164,0.9986609816551208,1.0004520416259766,1.0004520416259766,211536
YUSD Stablecoin USD,YUSD-USD,2022-12-08,1.0004520416259766,1.005573034286499,0.9985560178756714,1.000872015953064,1.000872015953064,441733
YUSD Stablecoin USD,YUSD-USD,2022-12-09,1.000872015953064,1.0017189979553225,0.9982759952545166,1.000102996826172,1.000102996826172,173291
YUSD Stablecoin USD,YUSD-USD,2022-12-10,1.000102996826172,1.001939058303833,0.9977909922599792,1.0014289617538452,1.0014289617538452,71745
YUSD Stablecoin USD,YUSD-USD,2022-12-11,1.0014289617538452,1.0035400390625,0.998001992702484,1.0000070333480835,1.0000070333480835,133346
YUSD Stablecoin USD,YUSD-USD,2022-12-12,1.0000070333480835,1.0023670196533203,0.9977319836616516,1.00109601020813,1.00109601020813,226306
YUSD Stablecoin USD,YUSD-USD,2022-12-13,1.0012060403823853,1.00210702419281,0.998063027858734,0.9986230134963988,0.9986230134963988,293123
YUSD Stablecoin USD,YUSD-USD,2022-12-14,1.000648021697998,1.0025980472564695,0.9977269768714904,1.0000150203704834,1.0000150203704834,192068
YUSD Stablecoin USD,YUSD-USD,2022-12-15,1.001376032829285,1.0026509761810305,0.9973610043525696,1.0017950534820557,1.0017950534820557,104262
YUSD Stablecoin USD,YUSD-USD,2022-12-16,1.0018670558929443,1.002140998840332,0.9974259734153748,1.0002959966659546,1.0002959966659546,262528
YUSD Stablecoin USD,YUSD-USD,2022-12-17,1.0004099607467651,1.0030180215835571,0.9978870153427124,0.9984300136566162,0.9984300136566162,101523
YUSD Stablecoin USD,YUSD-USD,2022-12-18,0.9984509944915771,1.0020649433135986,0.9973620176315308,0.9997559785842896,0.9997559785842896,152129
YUSD Stablecoin USD,YUSD-USD,2022-12-19,0.9997559785842896,1.0025290250778198,0.9973369836807252,0.9986760020256042,0.9986760020256042,275607
YUSD Stablecoin USD,YUSD-USD,2022-12-20,0.9986760020256042,1.0022979974746704,0.9971629977226256,0.9995629787445068,0.9995629787445068,167971
YUSD Stablecoin USD,YUSD-USD,2022-12-21,0.9994500279426576,1.0020450353622437,0.9982119798660278,1.001139998435974,1.001139998435974,130446
YUSD Stablecoin USD,YUSD-USD,2022-12-22,1.0013480186462402,1.0022389888763428,0.997070014476776,1.0004329681396484,1.0004329681396484,131293
YUSD Stablecoin USD,YUSD-USD,2022-12-23,1.000519037246704,1.00301194190979,0.9979900121688844,1.0002219676971436,1.0002219676971436,79430
YUSD Stablecoin USD,YUSD-USD,2022-12-24,1.0002340078353882,1.0027790069580078,0.9972180128097534,1.000427007675171,1.000427007675171,262826
YUSD Stablecoin USD,YUSD-USD,2022-12-25,1.000427007675171,1.001857042312622,0.9980900287628174,1.000519037246704,1.000519037246704,89998
YUSD Stablecoin USD,YUSD-USD,2022-12-26,1.000100016593933,1.0025509595870972,0.9980499744415284,0.9989519715309144,0.9989519715309144,73209
YUSD Stablecoin USD,YUSD-USD,2022-12-27,0.9990559816360474,1.0025019645690918,0.996990978717804,1.0002950429916382,1.0002950429916382,83250
YUSD Stablecoin USD,YUSD-USD,2022-12-28,1.0002939701080322,1.0023579597473145,0.9973750114440918,1.0000300407409668,1.0000300407409668,224101
YUSD Stablecoin USD,YUSD-USD,2022-12-29,1.0000300407409668,1.0018759965896606,0.9960309863090516,1.0008920431137085,1.0008920431137085,120242
YUSD Stablecoin USD,YUSD-USD,2022-12-30,1.0008920431137085,1.0033559799194336,0.9968889951705932,1.000609040260315,1.000609040260315,205152
YUSD Stablecoin USD,YUSD-USD,2022-12-31,1.0005940198898315,1.0022289752960205,0.9977430105209352,1.0007270574569702,1.0007270574569702,85790
YUSD Stablecoin USD,YUSD-USD,2023-01-01,1.0007359981536863,1.0025049448013306,0.998075008392334,0.9997640252113342,0.9997640252113342,131268
YUSD Stablecoin USD,YUSD-USD,2023-01-02,0.9997640252113342,1.0018019676208496,0.9980720281600952,1.0003479719161987,1.0003479719161987,147373
YUSD Stablecoin USD,YUSD-USD,2023-01-03,1.0003139972686768,1.0022380352020264,0.9978169798851012,1.0005619525909424,1.0005619525909424,184648
YUSD Stablecoin USD,YUSD-USD,2023-01-04,1.0005619525909424,1.0025269985198977,0.9974979758262634,1.0006190538406372,1.0006190538406372,287686
YUSD Stablecoin USD,YUSD-USD,2023-01-05,1.0009139776229858,1.0017240047454834,0.9978299736976624,1.0006229877471924,1.0006229877471924,81941
YUSD Stablecoin USD,YUSD-USD,2023-01-06,1.0001790523529053,1.0031280517578125,0.9977250099182128,0.9989320039749146,0.9989320039749146,95928
YUSD Stablecoin USD,YUSD-USD,2023-01-07,0.9989050030708312,1.003146052360535,0.9981570243835448,0.9998459815979004,0.9998459815979004,71229
YUSD Stablecoin USD,YUSD-USD,2023-01-08,0.9998459815979004,1.0022449493408203,0.997156023979187,1.0017139911651611,1.0017139911651611,105469
YUSD Stablecoin USD,YUSD-USD,2023-01-09,1.0008280277252195,1.0026710033416748,0.997298002243042,0.9999459981918336,0.9999459981918336,270191
YUSD Stablecoin USD,YUSD-USD,2023-01-10,1.0003089904785156,1.0037169456481934,0.9973049759864808,0.9987580180168152,0.9987580180168152,230850
YUSD Stablecoin USD,YUSD-USD,2023-01-11,0.9987580180168152,1.006317973136902,0.9929400086402892,1.00102698802948,1.00102698802948,218517
YUSD Stablecoin USD,YUSD-USD,2023-01-12,0.9990730285644532,1.0037280321121216,0.9914600253105164,1.0014870166778564,1.0014870166778564,223410
YUSD Stablecoin USD,YUSD-USD,2023-01-13,1.0014560222625732,1.003803014755249,0.9970769882202148,1.002305030822754,1.002305030822754,300224
YUSD Stablecoin USD,YUSD-USD,2023-01-14,1.0006020069122314,1.0069570541381836,0.9953370094299316,1.0002410411834717,1.0002410411834717,514189
YUSD Stablecoin USD,YUSD-USD,2023-01-15,1.000560998916626,1.003656983375549,0.9954010248184204,0.9982799887657166,0.9982799887657166,229566
YUSD Stablecoin USD,YUSD-USD,2023-01-16,0.9982619881629944,1.002918004989624,0.9971969723701476,1.0008219480514526,1.0008219480514526,300399
YUSD Stablecoin USD,YUSD-USD,2023-01-17,1.0008219480514526,1.003803014755249,0.9945390224456788,0.9987519979476928,0.9987519979476928,373082
YUSD Stablecoin USD,YUSD-USD,2023-01-18,0.9988790154457092,1.0024770498275757,0.9948940277099608,0.9988579750061036,0.9988579750061036,322851
YUSD Stablecoin USD,YUSD-USD,2023-01-19,0.9991859793663024,1.0033999681472778,0.9970359802246094,0.998893976211548,0.998893976211548,315475
YUSD Stablecoin USD,YUSD-USD,2023-01-20,0.9989439845085144,1.002953052520752,0.9879149794578552,1.001207947731018,1.001207947731018,355730
YUSD Stablecoin USD,YUSD-USD,2023-01-21,1.000918984413147,1.0033550262451172,0.994504988193512,1.0016529560089111,1.0016529560089111,509884
YUSD Stablecoin USD,YUSD-USD,2023-01-22,1.0018839836120603,1.0028729438781738,0.995166003704071,1.0000230073928833,1.0000230073928833,577750
YUSD Stablecoin USD,YUSD-USD,2023-01-23,0.9997119903564452,1.003304958343506,0.9966599941253662,1.0002280473709106,1.0002280473709106,488120
YUSD Stablecoin USD,YUSD-USD,2023-01-24,1.0006580352783203,1.003780961036682,0.9961699843406676,0.999680995941162,0.999680995941162,638957
YUSD Stablecoin USD,YUSD-USD,2023-01-25,0.9996770024299622,1.0045299530029297,0.995693027973175,0.9983369708061218,0.9983369708061218,442719
YUSD Stablecoin USD,YUSD-USD,2023-01-26,0.998350977897644,1.004122972488403,0.996504008769989,1.0008310079574585,1.0008310079574585,399779
YUSD Stablecoin USD,YUSD-USD,2023-01-27,1.003209948539734,1.0048110485076904,0.9961119890213012,1.0009340047836304,1.0009340047836304,452461
YUSD Stablecoin USD,YUSD-USD,2023-01-28,1.0010199546813965,1.0054370164871216,0.9933090209960938,0.9992390275001526,0.9992390275001526,397933
YUSD Stablecoin USD,YUSD-USD,2023-01-29,0.9992390275001526,1.0035120248794556,0.9971780180931092,1.0011379718780518,1.0011379718780518,244917
YUSD Stablecoin USD,YUSD-USD,2023-01-30,1.002094030380249,1.0050599575042725,0.9928159713745116,1.000396966934204,1.000396966934204,495286
YUSD Stablecoin USD,YUSD-USD,2023-01-31,1.0005249977111816,1.0036360025405884,0.9972230195999146,0.9996020197868348,0.9996020197868348,529983
YUSD Stablecoin USD,YUSD-USD,2023-02-01,1.0004080533981323,1.0060540437698364,0.9975820183753968,1.0015339851379397,1.0015339851379397,516182
YUSD Stablecoin USD,YUSD-USD,2023-02-02,1.0016100406646729,1.004557967185974,0.9971659779548644,0.9995869994163512,0.9995869994163512,788800
YUSD Stablecoin USD,YUSD-USD,2023-02-03,0.9991869926452636,1.0031650066375732,0.9976199865341188,1.000296950340271,1.000296950340271,436673
YUSD Stablecoin USD,YUSD-USD,2023-02-04,0.9999799728393556,1.003119945526123,0.9983959794044496,1.0008790493011477,1.0008790493011477,196987
YUSD Stablecoin USD,YUSD-USD,2023-02-05,1.000553011894226,1.0026140213012695,0.9991390109062196,1.0008430480957031,1.0008430480957031,1072653
YUSD Stablecoin USD,YUSD-USD,2023-02-06,1.0008419752120972,1.00308096408844,0.9979079961776732,1.0013550519943235,1.0013550519943235,313888
YUSD Stablecoin USD,YUSD-USD,2023-02-07,1.000641942024231,1.0041619539260864,0.9976879954338074,1.001481056213379,1.001481056213379,304047
YUSD Stablecoin USD,YUSD-USD,2023-02-08,1.0014580488204956,1.0032559633255005,0.9980700016021729,1.0003780126571655,1.0003780126571655,512742
YUSD Stablecoin USD,YUSD-USD,2023-02-09,1.0003299713134766,1.002972960472107,0.99720698595047,1.0005019903182983,1.0005019903182983,490863
YUSD Stablecoin USD,YUSD-USD,2023-02-10,1.0021250247955322,1.0030109882354736,0.9975320100784302,1.001230001449585,1.001230001449585,249221
YUSD Stablecoin USD,YUSD-USD,2023-02-11,1.001459002494812,1.003875970840454,0.9969329833984376,1.0009520053863523,1.0009520053863523,162909
YUSD Stablecoin USD,YUSD-USD,2023-02-12,1.0009770393371582,1.0029109716415403,0.9981250166893004,0.9999340176582336,0.9999340176582336,398422
YUSD Stablecoin USD,YUSD-USD,2023-02-13,0.9999300241470336,1.0034600496292114,0.997397005558014,1.000548005104065,1.000548005104065,571542
YUSD Stablecoin USD,YUSD-USD,2023-02-14,1.0006159543991089,1.00347900390625,0.996994972229004,1.0007929801940918,1.0007929801940918,482704
YUSD Stablecoin USD,YUSD-USD,2023-02-15,1.00096595287323,1.004662036895752,0.997151017189026,0.9992579817771912,0.9992579817771912,398977
YUSD Stablecoin USD,YUSD-USD,2023-02-16,0.9992539882659912,1.0032670497894287,0.995028018951416,0.999521017074585,0.999521017074585,585326
YUSD Stablecoin USD,YUSD-USD,2023-02-17,0.998537003993988,1.0024919509887695,0.9980180263519288,1.0024919509887695,1.0024919509887695,415465
YUSD Stablecoin USD,YUSD-USD,2023-02-18,1.002475023269653,1.0028270483016968,0.9969509840011596,1.0015649795532229,1.0015649795532229,289388
YUSD Stablecoin USD,YUSD-USD,2023-02-19,1.0018310546875,1.004870057106018,0.9962909817695618,1.0002729892730713,1.0002729892730713,409912
YUSD Stablecoin USD,YUSD-USD,2023-02-20,0.9999139904975892,1.0031869411468506,0.997855007648468,1.00273597240448,1.00273597240448,619113
YUSD Stablecoin USD,YUSD-USD,2023-02-21,1.0027190446853638,1.0027309656143188,0.9966530203819276,0.9998279809951782,0.9998279809951782,543350
YUSD Stablecoin USD,YUSD-USD,2023-02-22,0.9998329877853394,1.0083279609680176,0.9981859922409058,1.0013320446014404,1.0013320446014404,795574
YUSD Stablecoin USD,YUSD-USD,2023-02-23,1.0013799667358398,1.0050679445266724,1.0000050067901611,1.0013819932937622,1.0013819932937622,359362
YUSD Stablecoin USD,YUSD-USD,2023-02-24,1.0013819932937622,1.004533052444458,0.9950169920921326,1.0014779567718506,1.0014779567718506,424919
YUSD Stablecoin USD,YUSD-USD,2023-02-25,1.00143301486969,1.0037139654159546,0.9997829794883728,1.0005040168762207,1.0005040168762207,411818
YUSD Stablecoin USD,YUSD-USD,2023-02-26,1.0005240440368652,1.00266695022583,0.9997699856758118,1.0002650022506714,1.0002650022506714,254879
YUSD Stablecoin USD,YUSD-USD,2023-02-27,1.0002599954605105,1.0037000179290771,0.9987990260124208,1.001418948173523,1.001418948173523,230683
YUSD Stablecoin USD,YUSD-USD,2023-02-28,1.001418948173523,1.0061249732971191,0.9994000196456908,1.0007309913635254,1.0007309913635254,322353
YUSD Stablecoin USD,YUSD-USD,2023-03-01,1.0003889799118042,1.002774000167847,0.9989100098609924,1.000725030899048,1.000725030899048,216501
YUSD Stablecoin USD,YUSD-USD,2023-03-02,1.0015859603881836,1.0025800466537476,0.9988809823989868,1.0006309747695925,1.0006309747695925,241401
YUSD Stablecoin USD,YUSD-USD,2023-03-03,1.000491976737976,1.004109025001526,0.990567982196808,1.0014499425888062,1.0014499425888062,318014
YUSD Stablecoin USD,YUSD-USD,2023-03-04,1.0014499425888062,1.0036900043487549,0.9994009733200072,1.0014630556106567,1.0014630556106567,228241
YUSD Stablecoin USD,YUSD-USD,2023-03-05,1.0015710592269895,1.0031830072402954,0.9988970160484314,1.0014259815216064,1.0014259815216064,158045
YUSD Stablecoin USD,YUSD-USD,2023-03-06,1.0014660358428955,1.005889058113098,0.998669981956482,1.0017939805984497,1.0017939805984497,224473
YUSD Stablecoin USD,YUSD-USD,2023-03-07,1.0018229484558103,1.0039889812469482,0.9977650046348572,1.0001319646835327,1.0001319646835327,247492
YUSD Stablecoin USD,YUSD-USD,2023-03-08,1.0001499652862549,1.0036180019378662,0.9975450038909912,1.002500057220459,1.002500057220459,258174
YUSD Stablecoin USD,YUSD-USD,2023-03-09,1.0026559829711914,1.0032680034637451,0.997793972492218,1.0003130435943604,1.0003130435943604,293446
YUSD Stablecoin USD,YUSD-USD,2023-03-10,1.000251054763794,1.0048789978027344,0.9989010095596312,1.002599000930786,1.002599000930786,417573
YUSD Stablecoin USD,YUSD-USD,2023-03-11,1.0028070211410522,1.043015956878662,0.9349669814109802,1.0234650373458862,1.0234650373458862,199786
YUSD Stablecoin USD,YUSD-USD,2023-03-12,1.0221790075302124,1.0281169414520264,1.0045950412750244,1.0184420347213743,1.0184420347213743,45947
YUSD Stablecoin USD,YUSD-USD,2023-03-13,1.018568992614746,1.025589942932129,1.009315013885498,1.0191890001296997,1.0191890001296997,146317
YUSD Stablecoin USD,YUSD-USD,2023-03-14,1.0191080570220947,1.0225950479507446,1.007261037826538,1.0115530490875244,1.0115530490875244,243325
YUSD Stablecoin USD,YUSD-USD,2023-03-15,1.0114459991455078,1.0149420499801636,1.005790948867798,1.011497974395752,1.011497974395752,148057
YUSD Stablecoin USD,YUSD-USD,2023-03-16,1.0116260051727295,1.0156879425048828,1.0068540573120115,1.0124750137329102,1.0124750137329102,89318
YUSD Stablecoin USD,YUSD-USD,2023-03-17,1.0125219821929932,1.014983057975769,1.0086090564727783,1.0125279426574707,1.0125279426574707,183968
YUSD Stablecoin USD,YUSD-USD,2023-03-18,1.0123260021209717,1.0143320560455322,1.005238056182861,1.0091370344161987,1.0091370344161987,239530
YUSD Stablecoin USD,YUSD-USD,2023-03-19,1.0091370344161987,1.063249945640564,1.0075260400772097,1.008193016052246,1.008193016052246,246945
YUSD Stablecoin USD,YUSD-USD,2023-03-20,1.0086079835891724,1.0123900175094604,1.0045310258865356,1.0072170495986938,1.0072170495986938,276961
YUSD Stablecoin USD,YUSD-USD,2023-03-21,1.0070819854736328,1.010956048965454,1.0047229528427124,1.0081650018692017,1.0081650018692017,260169
YUSD Stablecoin USD,YUSD-USD,2023-03-22,1.008255958557129,1.011320948600769,1.0031720399856567,1.0079280138015747,1.0079280138015747,414224
YUSD Stablecoin USD,YUSD-USD,2023-03-23,1.0076160430908203,1.0096590518951416,1.0059080123901367,1.007856011390686,1.007856011390686,287544
YUSD Stablecoin USD,YUSD-USD,2023-03-24,1.0074199438095093,1.0094189643859863,1.005553960800171,1.0074230432510376,1.0074230432510376,258047
YUSD Stablecoin USD,YUSD-USD,2023-03-25,1.008067011833191,1.0099079608917236,1.0046600103378296,1.0074989795684814,1.0074989795684814,288023
YUSD Stablecoin USD,YUSD-USD,2023-03-26,1.0073139667510986,1.008998990058899,1.005534052848816,1.0078970193862915,1.0078970193862915,231659
YUSD Stablecoin USD,YUSD-USD,2023-03-27,1.008057951927185,1.0098669528961182,1.0044469833374023,1.007720947265625,1.007720947265625,260991
YUSD Stablecoin USD,YUSD-USD,2023-03-28,1.0075219869613647,1.0101170539855957,1.0053319931030271,1.007431983947754,1.007431983947754,138029
YUSD Stablecoin USD,YUSD-USD,2023-03-29,1.0075750350952148,1.0105589628219604,1.0053420066833496,1.0097700357437134,1.0097700357437134,146178
YUSD Stablecoin USD,YUSD-USD,2023-03-30,1.0095720291137695,1.0108129978179932,1.005607008934021,1.0075700283050537,1.0075700283050537,298253
YUSD Stablecoin USD,YUSD-USD,2023-03-31,1.0079760551452637,1.0097579956054688,1.0060900449752808,1.0077790021896362,1.0077790021896362,250169
YUSD Stablecoin USD,YUSD-USD,2023-04-01,1.0079699754714966,1.0096830129623413,1.0060369968414309,1.008365035057068,1.008365035057068,116990
YUSD Stablecoin USD,YUSD-USD,2023-04-02,1.0086640119552612,1.0100699663162231,1.005660057067871,1.00804603099823,1.00804603099823,154475
YUSD Stablecoin USD,YUSD-USD,2023-04-03,1.00804603099823,1.0094430446624756,1.005905032157898,1.0077669620513916,1.0077669620513916,378338
YUSD Stablecoin USD,YUSD-USD,2023-04-04,1.0077669620513916,1.0096110105514526,1.00633704662323,1.007540941238403,1.007540941238403,199397
YUSD Stablecoin USD,YUSD-USD,2023-04-05,1.007385015487671,1.0106559991836548,1.0065419673919678,1.0084530115127563,1.0084530115127563,272674
YUSD Stablecoin USD,YUSD-USD,2023-04-06,1.0082889795303345,1.0103789567947388,1.005903959274292,1.007601976394653,1.007601976394653,243039
YUSD Stablecoin USD,YUSD-USD,2023-04-07,1.007601976394653,1.010259985923767,1.0059850215911863,1.0069799423217771,1.0069799423217771,225605
YUSD Stablecoin USD,YUSD-USD,2023-04-08,1.007073998451233,1.0086719989776611,1.0050979852676392,1.006188988685608,1.006188988685608,84696
YUSD Stablecoin USD,YUSD-USD,2023-04-09,1.0061630010604858,1.0084209442138672,1.0055210590362549,1.006356954574585,1.006356954574585,124738
YUSD Stablecoin USD,YUSD-USD,2023-04-10,1.0060590505599976,1.0082110166549685,1.0040589570999146,1.0044310092926023,1.0044310092926023,235621
YUSD Stablecoin USD,YUSD-USD,2023-04-11,1.0045419931411743,1.0060629844665527,1.003659963607788,1.004870057106018,1.004870057106018,226724
YUSD Stablecoin USD,YUSD-USD,2023-04-12,1.005071043968201,1.0064970254898071,1.0020020008087158,1.0035710334777832,1.0035710334777832,544076
YUSD Stablecoin USD,YUSD-USD,2023-04-13,1.0029970407485962,1.0057499408721924,1.0024420022964478,1.003648042678833,1.003648042678833,363896
YUSD Stablecoin USD,YUSD-USD,2023-04-14,1.003648042678833,1.0055769681930542,1.0024900436401367,1.0033910274505615,1.0033910274505615,307255
YUSD Stablecoin USD,YUSD-USD,2023-04-15,1.003862977027893,1.0053060054779053,1.0026860237121582,1.0040500164031982,1.0040500164031982,252675
YUSD Stablecoin USD,YUSD-USD,2023-04-16,1.0041580200195312,1.008409023284912,1.002845048904419,1.0041420459747314,1.0041420459747314,200629
YUSD Stablecoin USD,YUSD-USD,2023-04-17,1.0042500495910645,1.0101139545440674,0.9981549978256226,1.000864028930664,1.000864028930664,196117
YUSD Stablecoin USD,YUSD-USD,2023-04-18,1.0012439489364624,1.0085769891738892,0.9995359778404236,1.0042049884796145,1.0042049884796145,58575
YUSD Stablecoin USD,YUSD-USD,2023-04-19,1.004269003868103,1.0075470209121704,0.9972100257873536,1.0045150518417358,1.0045150518417358,46914
YUSD Stablecoin USD,YUSD-USD,2023-04-20,1.005282998085022,1.0097899436950684,0.9967859983444214,0.9972479939460754,0.9972479939460754,29657
YUSD Stablecoin USD,YUSD-USD,2023-04-21,0.9973549842834472,1.0057740211486816,0.9918850064277648,1.0040700435638428,1.0040700435638428,75862
YUSD Stablecoin USD,YUSD-USD,2023-04-22,1.0040700435638428,1.012923002243042,1.0039349794387815,1.0112440586090088,1.0112440586090088,16374
YUSD Stablecoin USD,YUSD-USD,2023-04-23,1.0112440586090088,1.015107035636902,0.9965149760246276,1.0063999891281128,1.0063999891281128,81198
YUSD Stablecoin USD,YUSD-USD,2023-04-24,1.0062739849090576,1.0211830139160156,0.998537003993988,1.0000779628753662,1.0000779628753662,15106
YUSD Stablecoin USD,YUSD-USD,2023-04-25,0.9999279975891112,1.013313055038452,0.9942560195922852,1.013003945350647,1.013003945350647,346
YUSD Stablecoin USD,YUSD-USD,2023-04-26,1.01316499710083,1.028648018836975,1.0030800104141235,1.0061670541763306,1.0061670541763306,43025
YUSD Stablecoin USD,YUSD-USD,2023-04-27,1.0060880184173584,1.014920949935913,1.003896951675415,1.00593900680542,1.00593900680542,1238
YUSD Stablecoin USD,YUSD-USD,2023-04-28,1.0057330131530762,1.0075550079345703,1.0026609897613523,1.00478994846344,1.00478994846344,14545
YUSD Stablecoin USD,YUSD-USD,2023-04-29,1.00478994846344,1.006358981132507,1.003803014755249,1.0050979852676392,1.0050979852676392,13837
YUSD Stablecoin USD,YUSD-USD,2023-04-30,1.005115985870361,1.0064879655838013,1.0019869804382324,1.0039759874343872,1.0039759874343872,6165
YUSD Stablecoin USD,YUSD-USD,2023-05-01,1.0043120384216309,1.0094900131225586,1.0019539594650269,1.004686951637268,1.004686951637268,3171
YUSD Stablecoin USD,YUSD-USD,2023-05-02,1.004794001579285,1.0205960273742676,1.0028510093688965,1.0050079822540283,1.0050079822540283,3698
YUSD Stablecoin USD,YUSD-USD,2023-05-03,1.0049669742584229,1.0084810256958008,1.0020509958267212,1.0051690340042114,1.0051690340042114,7837
YUSD Stablecoin USD,YUSD-USD,2023-05-04,1.0045180320739746,1.006937026977539,1.0017989873886108,1.0032449960708618,1.0032449960708618,4826
YUSD Stablecoin USD,YUSD-USD,2023-05-05,1.003504991531372,1.0217950344085691,1.0015900135040283,1.0116130113601685,1.0116130113601685,219
YUSD Stablecoin USD,YUSD-USD,2023-05-06,1.0115489959716797,1.011942982673645,0.9999439716339112,1.0021179914474487,1.0021179914474487,216440
YUSD Stablecoin USD,YUSD-USD,2023-05-07,1.002161979675293,1.0038679838180542,1.0006099939346311,1.002349019050598,1.002349019050598,3339
YUSD Stablecoin USD,YUSD-USD,2023-05-08,1.002290964126587,1.0040810108184814,0.9995869994163512,1.0035630464553833,1.0035630464553833,41228
YUSD Stablecoin USD,YUSD-USD,2023-05-09,1.0035630464553833,1.0040149688720703,0.9873340129852296,0.9983789920806884,0.9983789920806884,198
YUSD Stablecoin USD,YUSD-USD,2023-05-10,0.9985920190811156,1.0037569999694824,0.9985920190811156,1.0021300315856934,1.0021300315856934,81460
YUSD Stablecoin USD,YUSD-USD,2023-05-11,1.0021300315856934,1.003298044204712,0.9995750188827516,1.002581000328064,1.002581000328064,12490
YUSD Stablecoin USD,YUSD-USD,2023-05-12,1.0027530193328855,1.0040279626846311,0.9998949766159058,1.0011630058288574,1.0011630058288574,64221
YUSD Stablecoin USD,YUSD-USD,2023-05-13,1.0006779432296753,1.0074429512023926,0.9938039779663086,0.9984430074691772,0.9984430074691772,117
YUSD Stablecoin USD,YUSD-USD,2023-05-14,0.9985520243644714,1.0038330554962158,0.9932960271835328,1.001479983329773,1.001479983329773,211
YUSD Stablecoin USD,YUSD-USD,2023-05-15,1.001479983329773,1.0041470527648926,0.9994329810142516,0.9998689889907836,0.9998689889907836,616
YUSD Stablecoin USD,YUSD-USD,2023-05-16,0.9999420046806335,1.00313401222229,0.979228973388672,1.00143301486969,1.00143301486969,31601
YUSD Stablecoin USD,YUSD-USD,2023-05-17,1.0011130571365356,1.0031310319900513,0.9997860193252563,1.0017470121383667,1.0017470121383667,19728
YUSD Stablecoin USD,YUSD-USD,2023-05-18,1.0016030073165894,1.0091689825057983,0.9839529991149902,1.0031039714813232,1.0031039714813232,4977
YUSD Stablecoin USD,YUSD-USD,2023-05-19,1.0032589435577393,1.0080169439315796,0.9959840178489684,1.0015499591827393,1.0015499591827393,7358
YUSD Stablecoin USD,YUSD-USD,2023-05-20,1.001999020576477,1.0053340196609497,0.9887869954109192,1.0007380247116089,1.0007380247116089,5038
YUSD Stablecoin USD,YUSD-USD,2023-05-21,1.0011550188064575,1.002087950706482,0.9996910095214844,1.0004090070724487,1.0004090070724487,3517
YUSD Stablecoin USD,YUSD-USD,2023-05-22,1.0000779628753662,1.0100970268249512,0.9994360208511353,1.0014300346374512,1.0014300346374512,28325
YUSD Stablecoin USD,YUSD-USD,2023-05-23,1.0014419555664062,1.003216028213501,0.9940710067749025,1.0017019510269165,1.0017019510269165,1580
YUSD Stablecoin USD,YUSD-USD,2023-05-24,1.0016330480575562,1.003095030784607,0.9969099760055542,1.0005370378494265,1.0005370378494265,87912
YUSD Stablecoin USD,YUSD-USD,2023-05-25,1.001073956489563,1.0032809972763062,0.9990890026092528,1.002213954925537,1.002213954925537,141735
YUSD Stablecoin USD,YUSD-USD,2023-05-26,1.0021250247955322,1.0033409595489502,0.9955300092697144,1.0011160373687744,1.0011160373687744,8296
YUSD Stablecoin USD,YUSD-USD,2023-05-27,1.001191020011902,1.003749966621399,0.9997770190238952,1.0022579431533811,1.0022579431533811,2962
YUSD Stablecoin USD,YUSD-USD,2023-05-28,1.002537965774536,1.018381953239441,0.9990519881248474,1.0010240077972412,1.0010240077972412,21020
YUSD Stablecoin USD,YUSD-USD,2023-05-29,1.0006510019302368,1.0084209442138672,0.9944159984588624,0.9999939799308776,0.9999939799308776,431
YUSD Stablecoin USD,YUSD-USD,2023-05-30,0.9994410276412964,1.0025869607925415,0.9739940166473388,1.0009009838104248,1.0009009838104248,15502
YUSD Stablecoin USD,YUSD-USD,2023-05-31,1.0011930465698242,1.00319504737854,0.999534010887146,1.0018179416656494,1.0018179416656494,12122
YUSD Stablecoin USD,YUSD-USD,2023-06-01,1.0016469955444336,1.0031050443649292,1.000646948814392,1.0028280019760132,1.0028280019760132,74704
YUSD Stablecoin USD,YUSD-USD,2023-06-02,1.0027459859848022,1.0136539936065674,0.9991580247879028,1.000298023223877,1.000298023223877,110406
YUSD Stablecoin USD,YUSD-USD,2023-06-03,1.0003759860992432,1.002586007118225,0.9991829991340636,1.0012660026550293,1.0012660026550293,8719
YUSD Stablecoin USD,YUSD-USD,2023-06-04,1.0012199878692627,1.020946979522705,0.9871870279312134,0.9997230172157288,0.9997230172157288,1157
YUSD Stablecoin USD,YUSD-USD,2023-06-05,0.9994760155677797,1.002774000167847,0.9965299963951112,0.9998949766159058,0.9998949766159058,20227
YUSD Stablecoin USD,YUSD-USD,2023-06-06,1.000756025314331,1.0236409902572632,0.9885069727897644,1.0094640254974363,1.0094640254974363,78
YUSD Stablecoin USD,YUSD-USD,2023-06-07,1.0093369483947754,1.019497036933899,0.9767100214958192,0.989874005317688,0.989874005317688,1069
YUSD Stablecoin USD,YUSD-USD,2023-06-08,0.989874005317688,1.007496953010559,0.988273024559021,0.99753600358963,0.99753600358963,44
YUSD Stablecoin USD,YUSD-USD,2023-06-09,0.9977110028266908,1.01522696018219,0.983575999736786,0.999858021736145,0.999858021736145,4540
YUSD Stablecoin USD,YUSD-USD,2023-06-10,1.001065969467163,1.0093870162963867,0.983331024646759,1.0017139911651611,1.0017139911651611,45073
YUSD Stablecoin USD,YUSD-USD,2023-06-11,1.0016050338745115,1.0075290203094482,0.989982008934021,0.9975000023841858,0.9975000023841858,174
YUSD Stablecoin USD,YUSD-USD,2023-06-12,0.9977089762687684,1.0031050443649292,0.9914109706878662,1.0006580352783203,1.0006580352783203,11302
YUSD Stablecoin USD,YUSD-USD,2023-06-13,1.00074303150177,1.0017009973526,0.9994189739227296,1.000396966934204,1.000396966934204,35674
YUSD Stablecoin USD,YUSD-USD,2023-06-14,1.000396966934204,1.0100460052490234,0.99310302734375,1.0004860162734983,1.0004860162734983,59212
YUSD Stablecoin USD,YUSD-USD,2023-06-15,1.000430941581726,1.002722978591919,0.9985010027885436,1.0008989572525024,1.0008989572525024,134064
YUSD Stablecoin USD,YUSD-USD,2023-06-16,1.000862956047058,1.0015490055084229,0.9994199872016908,1.001065015792847,1.001065015792847,17578
YUSD Stablecoin USD,YUSD-USD,2023-06-17,1.0010099411010742,1.012619972229004,0.9997979998588562,1.0006619691848757,1.0006619691848757,12271
YUSD Stablecoin USD,YUSD-USD,2023-06-18,0.999987006187439,1.0021589994430542,0.9985560178756714,0.9993159770965576,0.9993159770965576,7985
YUSD Stablecoin USD,YUSD-USD,2023-06-19,0.9993119835853576,1.0020480155944824,0.99856698513031,1.0009310245513916,1.0009310245513916,8896
YUSD Stablecoin USD,YUSD-USD,2023-06-20,1.004397988319397,1.0327409505844116,0.9882670044898988,1.0294229984283447,1.0294229984283447,180
YUSD Stablecoin USD,YUSD-USD,2023-06-21,1.0295350551605225,1.0346039533615112,1.0004949569702148,1.0023770332336426,1.0023770332336426,4070
YUSD Stablecoin USD,YUSD-USD,2023-06-22,1.0024460554122925,1.0027999877929688,0.9993659853935242,1.0009020566940308,1.0009020566940308,56820
YUSD Stablecoin USD,YUSD-USD,2023-06-23,1.00047504901886,1.002213954925537,0.9995579719543456,1.000663995742798,1.000663995742798,4920
YUSD Stablecoin USD,YUSD-USD,2023-06-24,1.0008169412612915,1.0029770135879517,0.9988960027694702,1.001911997795105,1.001911997795105,3032
YUSD Stablecoin USD,YUSD-USD,2023-06-25,1.0018880367279053,1.003345966339111,0.9987819790840148,1.0011370182037354,1.0011370182037354,70978
YUSD Stablecoin USD,YUSD-USD,2023-06-26,1.0013020038604736,1.0024360418319702,0.9994639754295348,1.000601053237915,1.000601053237915,1281
YUSD Stablecoin USD,YUSD-USD,2023-06-27,1.0007309913635254,1.00131094455719,0.9955440163612366,1.000370979309082,1.000370979309082,70790
YUSD Stablecoin USD,YUSD-USD,2023-06-28,1.0003360509872437,1.0015779733657837,0.9983620047569276,1.0003950595855713,1.0003950595855713,103207
YUSD Stablecoin USD,YUSD-USD,2023-06-29,1.0003950595855713,1.0018190145492554,0.999886989593506,1.0004889965057373,1.0004889965057373,17629
YUSD Stablecoin USD,YUSD-USD,2023-06-30,1.0004539489746094,1.003190994262695,0.9997940063476562,1.001314997673035,1.001314997673035,1883
YUSD Stablecoin USD,YUSD-USD,2023-07-01,1.0007410049438477,1.0093129873275757,0.9938830137252808,1.001546025276184,1.001546025276184,4
YUSD Stablecoin USD,YUSD-USD,2023-07-02,1.0016239881515503,1.0150279998779297,0.9845119714736938,1.000643014907837,1.000643014907837,3113
YUSD Stablecoin USD,YUSD-USD,2023-07-03,1.0006309747695925,1.0017880201339722,0.9996309876441956,1.000643014907837,1.000643014907837,32925
YUSD Stablecoin USD,YUSD-USD,2023-07-04,1.000412940979004,1.0020860433578491,0.9989590048789978,1.0012179613113403,1.0012179613113403,9806
YUSD Stablecoin USD,YUSD-USD,2023-07-05,1.0012179613113403,1.002223014831543,0.9887400269508362,0.9940170049667358,0.9940170049667358,81
YUSD Stablecoin USD,YUSD-USD,2023-07-06,0.9956009984016418,1.010856032371521,0.9954630136489868,1.0011919736862185,1.0011919736862185,8869
YUSD Stablecoin USD,YUSD-USD,2023-07-07,1.0015989542007446,1.0024240016937256,0.9988200068473816,0.999355971813202,0.999355971813202,13592
YUSD Stablecoin USD,YUSD-USD,2023-07-08,1.000188946723938,1.0211490392684937,0.9953169822692872,1.0002199411392212,1.0002199411392212,6217
YUSD Stablecoin USD,YUSD-USD,2023-07-09,1.0002199411392212,1.002729058265686,0.9981679916381836,0.9989209771156312,0.9989209771156312,105045
YUSD Stablecoin USD,YUSD-USD,2023-07-10,0.9986000061035156,1.0013409852981567,0.9979090094566344,0.9994189739227296,0.9994189739227296,5254
YUSD Stablecoin USD,YUSD-USD,2023-07-11,0.9994189739227296,1.0008909702301023,0.979744017124176,0.9893360137939452,0.9893360137939452,12
YUSD Stablecoin USD,YUSD-USD,2023-07-12,0.9892820119857788,1.0012270212173462,0.9806780219078064,1.0006990432739258,1.0006990432739258,6581
YUSD Stablecoin USD,YUSD-USD,2023-07-13,1.000622034072876,1.0219709873199463,0.998216986656189,0.9998890161514282,0.9998890161514282,20127
YUSD Stablecoin USD,YUSD-USD,2023-07-14,0.999705970287323,1.0034539699554443,0.9812089800834656,1.0030759572982788,1.0030759572982788,5233
YUSD Stablecoin USD,YUSD-USD,2023-07-15,1.002308011054993,1.0032470226287842,0.9966670274734496,0.9982939958572388,0.9982939958572388,3170
YUSD Stablecoin USD,YUSD-USD,2023-07-16,0.9986850023269652,1.001935958862305,0.9958530068397522,0.9995530247688292,0.9995530247688292,20116
YUSD Stablecoin USD,YUSD-USD,2023-07-17,0.9995530247688292,1.002303957939148,0.996685028076172,1.0009039640426636,1.0009039640426636,16648
YUSD Stablecoin USD,YUSD-USD,2023-07-18,1.001047968864441,1.0022449493408203,0.99755197763443,0.9993600249290466,0.9993600249290466,143428
YUSD Stablecoin USD,YUSD-USD,2023-07-19,0.999292016029358,1.0090659856796265,0.9883970022201538,0.9991289973258972,0.9991289973258972,43939
YUSD Stablecoin USD,YUSD-USD,2023-07-20,0.9991289973258972,1.000301957130432,0.9969030022621156,0.9989110231399536,0.9989110231399536,20148
YUSD Stablecoin USD,YUSD-USD,2023-07-21,0.9990059733390808,1.014201045036316,0.9961649775505066,0.9991179704666138,0.9991179704666138,10392
YUSD Stablecoin USD,YUSD-USD,2023-07-22,0.9990789890289308,1.0010199546813965,0.99726402759552,0.9976810216903688,0.9976810216903688,8524
YUSD Stablecoin USD,YUSD-USD,2023-07-23,0.999680995941162,1.0009440183639526,0.9983230233192444,0.9994810223579408,0.9994810223579408,31919
YUSD Stablecoin USD,YUSD-USD,2023-07-24,0.9994040131568908,1.0012459754943848,0.9668639898300172,0.9991739988327026,0.9991739988327026,69719
YUSD Stablecoin USD,YUSD-USD,2023-07-25,0.9997559785842896,1.0129990577697754,0.998091995716095,0.998416006565094,0.998416006565094,2524
YUSD Stablecoin USD,YUSD-USD,2023-07-26,0.9990670084953308,1.016057014465332,0.9925209879875184,0.9949139952659608,0.9949139952659608,37
YUSD Stablecoin USD,YUSD-USD,2023-07-27,0.9926260113716124,1.000560998916626,0.9922959804534912,0.9994189739227296,0.9994189739227296,11895
YUSD Stablecoin USD,YUSD-USD,2023-07-28,0.9989780187606812,1.0010069608688354,0.9983609914779664,0.9997360110282898,0.9997360110282898,12011
YUSD Stablecoin USD,YUSD-USD,2023-07-29,0.999763011932373,1.0107070207595823,0.9978359937667848,0.9990599751472472,0.9990599751472472,10984
YUSD Stablecoin USD,YUSD-USD,2023-07-30,0.999180018901825,1.0129820108413696,0.9969959855079652,0.999800980091095,0.999800980091095,6291
YUSD Stablecoin USD,YUSD-USD,2023-07-31,0.9997609853744508,1.0028940439224243,0.9821379780769348,1.0000300407409668,1.0000300407409668,96007
YUSD Stablecoin USD,YUSD-USD,2023-08-01,0.9997950196266174,1.002094030380249,0.9988800287246704,1.0004160404205322,1.0004160404205322,58189
YUSD Stablecoin USD,YUSD-USD,2023-08-02,1.000372052192688,1.0021140575408936,0.9794489741325378,0.9998819828033448,0.9998819828033448,218
YUSD Stablecoin USD,YUSD-USD,2023-08-03,0.9998819828033448,1.0086170434951782,0.989459991455078,0.9946169853210448,0.9946169853210448,3
YUSD Stablecoin USD,YUSD-USD,2023-08-04,0.9942179918289183,1.0091919898986816,0.9878910183906556,1.00621497631073,1.00621497631073,36
YUSD Stablecoin USD,YUSD-USD,2023-08-05,1.0062899589538574,1.0091819763183594,0.9986479878425598,0.9995229840278624,0.9995229840278624,983
YUSD Stablecoin USD,YUSD-USD,2023-08-06,0.9995980262756348,1.0032579898834229,0.9927570223808287,0.9989089965820312,0.9989089965820312,10
YUSD Stablecoin USD,YUSD-USD,2023-08-07,0.9989349842071532,1.012465000152588,0.997099995613098,1.0002169609069824,1.0002169609069824,39473
YUSD Stablecoin USD,YUSD-USD,2023-08-08,1.0000159740447998,1.013882040977478,0.9978049993515016,1.0066330432891846,1.0066330432891846,17
YUSD Stablecoin USD,YUSD-USD,2023-08-09,1.0068390369415283,1.0094239711761477,0.9976080060005188,0.999796986579895,0.999796986579895,75006
YUSD Stablecoin USD,YUSD-USD,2023-08-10,0.9999690055847168,1.0028549432754517,0.9869620203971864,0.9993720054626464,0.9993720054626464,29495
YUSD Stablecoin USD,YUSD-USD,2023-08-11,0.9990950226783752,1.004256010055542,0.9931989908218384,0.9991999864578248,0.9991999864578248,14
YUSD Stablecoin USD,YUSD-USD,2023-08-12,0.9992859959602356,1.0031529664993286,0.997078001499176,1.0000569820404053,1.0000569820404053,47
YUSD Stablecoin USD,YUSD-USD,2023-08-13,1.0003210306167605,1.001997947692871,0.9988399744033812,1.0002440214157104,1.0002440214157104,301509
YUSD Stablecoin USD,YUSD-USD,2023-08-14,0.9996839761734008,1.0023770332336426,0.9993129968643188,1.0002830028533936,1.0002830028533936,136161
YUSD Stablecoin USD,YUSD-USD,2023-08-15,1.0002830028533936,1.0011229515075684,0.9435420036315918,1.0009310245513916,1.0009310245513916,45326
YUSD Stablecoin USD,YUSD-USD,2023-08-16,1.0009340047836304,1.0028090476989746,0.9999570250511168,1.002724051475525,1.002724051475525,7143
YUSD Stablecoin USD,YUSD-USD,2023-08-17,1.002660036087036,1.0090429782867432,0.9953259825706482,1.0015109777450562,1.0015109777450562,31890
YUSD Stablecoin USD,YUSD-USD,2023-08-18,1.0014179944992063,1.0019450187683103,0.9998000264167786,1.0006170272827148,1.0006170272827148,109126
YUSD Stablecoin USD,YUSD-USD,2023-08-19,1.0008070468902588,1.0088770389556885,1.000203013420105,1.0003900527954102,1.0003900527954102,303
YUSD Stablecoin USD,YUSD-USD,2023-08-20,1.0004379749298096,1.001315951347351,1.000277042388916,1.0008419752120972,1.0008419752120972,199
YUSD Stablecoin USD,YUSD-USD,2023-08-21,1.000844955444336,1.00531804561615,0.9785040020942688,1.0014760494232178,1.0014760494232178,68
YUSD Stablecoin USD,YUSD-USD,2023-08-22,1.0033090114593506,1.0033739805221558,0.97461199760437,1.0002249479293823,1.0002249479293823,19142
YUSD Stablecoin USD,YUSD-USD,2023-08-23,1.0002249479293823,1.0187259912490845,0.9953640103340148,1.0001269578933716,1.0001269578933716,1264
YUSD Stablecoin USD,YUSD-USD,2023-08-24,1.0001850128173828,1.0043339729309082,0.9801239967346193,1.0009269714355469,1.0009269714355469,994
YUSD Stablecoin USD,YUSD-USD,2023-08-25,1.0007599592208862,1.0021309852600098,0.9993669986724854,1.002105951309204,1.002105951309204,20
YUSD Stablecoin USD,YUSD-USD,2023-08-26,1.002246975898743,1.002246975898743,0.9999939799308776,1.0000900030136108,1.0000900030136108,9226
YUSD Stablecoin USD,YUSD-USD,2023-08-27,1.0000900030136108,1.0088800191879272,0.9998689889907836,0.9999819993972778,0.9999819993972778,29229
YUSD Stablecoin USD,YUSD-USD,2023-08-28,0.9999769926071168,1.0015439987182615,0.9996129870414734,1.00073504447937,1.00073504447937,2638
YUSD Stablecoin USD,YUSD-USD,2023-08-29,1.0006409883499146,1.0031310319900513,0.9999070167541504,1.000115990638733,1.000115990638733,37512
YUSD Stablecoin USD,YUSD-USD,2023-08-30,1.000115990638733,1.001423954963684,0.9872220158576964,1.0009479522705078,1.0009479522705078,14483
YUSD Stablecoin USD,YUSD-USD,2023-08-31,1.0009289979934692,1.007377028465271,0.960798978805542,0.9936730265617372,0.9936730265617372,58
YUSD Stablecoin USD,YUSD-USD,2023-09-01,0.9940509796142578,1.000519037246704,0.9930769801139832,0.9999409914016724,0.9999409914016724,30412
YUSD Stablecoin USD,YUSD-USD,2023-09-02,0.9999920129776,1.0042719841003418,0.9915019869804382,0.9998199939727784,0.9998199939727784,8950
YUSD Stablecoin USD,YUSD-USD,2023-09-03,0.9998199939727784,1.0004169940948486,0.9996410012245178,0.999978005886078,0.999978005886078,3734
YUSD Stablecoin USD,YUSD-USD,2023-09-04,0.99993097782135,1.0007599592208862,0.9897559881210328,0.9970470070838928,0.9970470070838928,8
YUSD Stablecoin USD,YUSD-USD,2023-09-05,0.997165024280548,1.012045979499817,0.9841020107269288,1.0042370557785034,1.0042370557785034,10
YUSD Stablecoin USD,YUSD-USD,2023-09-06,1.004245042800903,1.0105990171432495,0.9922969937324524,0.999512016773224,0.999512016773224,79068
YUSD Stablecoin USD,YUSD-USD,2023-09-07,0.999442994594574,1.0052180290222168,0.9938439726829528,1.0002139806747437,1.0002139806747437,10591
YUSD Stablecoin USD,YUSD-USD,2023-09-08,1.0003119707107544,1.000704050064087,0.9905580282211304,0.9956459999084472,0.9956459999084472,9
YUSD Stablecoin USD,YUSD-USD,2023-09-09,0.9957290291786194,1.001291036605835,0.9902610182762146,1.000599980354309,1.000599980354309,77606
YUSD Stablecoin USD,YUSD-USD,2023-09-10,1.0006120204925537,1.0009560585021973,0.99931401014328,0.9994080066680908,0.9994080066680908,3590
YUSD Stablecoin USD,YUSD-USD,2023-09-11,0.9994570016860962,1.0004459619522097,0.999109983444214,0.9999769926071168,0.9999769926071168,2062
YUSD Stablecoin USD,YUSD-USD,2023-09-12,0.9999099969863892,1.0161360502243042,0.9834880232810974,0.9995059967041016,0.9995059967041016,266
YUSD Stablecoin USD,YUSD-USD,2023-09-13,0.9994750022888184,1.0042309761047363,0.9955000281333924,1.0021159648895264,1.0021159648895264,630
YUSD Stablecoin USD,YUSD-USD,2023-09-14,1.0013911724090576,1.0078580379486084,0.993492305278778,1.0003398656845093,1.0003398656845093,1067
YUSD Stablecoin USD,YUSD-USD,2023-09-15,1.000087022781372,1.000452756881714,0.9997673034667968,1.0002410411834717,1.0002410411834717,5065
YUSD Stablecoin USD,YUSD-USD,2023-09-16,1.000087022781372,1.0148561000823977,0.9880087375640868,1.0108692646026611,1.0108692646026611,32
YUSD Stablecoin USD,YUSD-USD,2023-09-17,1.0000773668289185,1.000535488128662,0.985787272453308,0.994222104549408,0.994222104549408,71
YUSD Stablecoin USD,YUSD-USD,2023-09-18,0.993706464767456,1.0130385160446167,0.9851924180984496,0.9997352957725524,0.9997352957725524,28044
YUSD Stablecoin USD,YUSD-USD,2023-09-19,0.9997819066047668,1.0086719989776611,0.99416846036911,1.00809907913208,1.00809907913208,9
YUSD Stablecoin USD,YUSD-USD,2023-09-21,1.0034286975860596,1.005926251411438,0.9921034574508668,0.9935100078582764,0.9935100078582764,13
YUSD Stablecoin USD,YUSD-USD,2023-09-24,1.013776421546936,1.0180659294128418,1.0123610496520996,1.0159204006195068,1.0159204006195068,559
YUSD Stablecoin USD,YUSD-USD,2023-09-20,1.008471965789795,1.008908987045288,0.9723330140113832,1.0033509731292725,1.0033509731292725,31
YUSD Stablecoin USD,YUSD-USD,2023-09-22,0.9936180114746094,1.0030490159988403,0.9835450053215028,1.0004990100860596,1.0004990100860596,1984
YUSD Stablecoin USD,YUSD-USD,2023-09-23,1.000465989112854,1.0205919742584229,0.9954479932785034,1.0136970281600952,1.0136970281600952,560
YUSD Stablecoin USD,YUSD-USD,2023-09-25,1.018277645111084,1.018277645111084,0.9992212653160096,0.999569833278656,0.999569833278656,905
YUSD Stablecoin USD,YUSD-USD,2023-09-26,1.0001283884048462,1.0028671026229858,0.9981110095977784,1.0019789934158323,1.0019789934158323,2
YUSD Stablecoin USD,YUSD-USD,2023-09-27,1.0048993825912476,1.0091930627822876,0.9699586033821106,0.999847948551178,0.999847948551178,3709
YUSD Stablecoin USD,YUSD-USD,2023-09-28,0.9833472967147828,1.0194262266159058,0.980700433254242,1.0010398626327517,1.0010398626327517,9461
YUSD Stablecoin USD,YUSD-USD,2023-09-29,1.0003741979599,1.000870943069458,0.9996901750564576,0.99994295835495,0.99994295835495,550
YUSD Stablecoin USD,YUSD-USD,2023-09-30,1.001229166984558,1.007991075515747,0.9968342185020448,0.9992325901985168,0.9992325901985168,4507
YUSD Stablecoin USD,YUSD-USD,2023-10-01,0.9991931319236756,1.0002529621124268,0.9990600943565368,0.9995915293693542,0.9995915293693542,30012
YUSD Stablecoin USD,YUSD-USD,2023-10-02,1.0667895078659058,1.071122407913208,0.978792130947113,0.998900830745697,0.998900830745697,475
YUSD Stablecoin USD,YUSD-USD,2023-10-03,0.9979249238967896,1.0003364086151123,0.979863941669464,1.0003228187561035,1.0003228187561035,0
YUSD Stablecoin USD,YUSD-USD,2023-10-04,0.995032012462616,1.0011069774627686,0.9704260230064392,1.0007460117340088,1.0007460117340088,15521
YUSD Stablecoin USD,YUSD-USD,2023-10-05,1.000484585762024,1.000888109207153,1.000430464744568,1.0008761882781982,1.0008761882781982,15502
YUSD Stablecoin USD,YUSD-USD,2023-10-06,0.9995946884155272,1.0008260011672974,0.9994558095932008,0.9997113347053528,0.9997113347053528,822
YUSD Stablecoin USD,YUSD-USD,2023-10-07,0.9996784925460817,1.000824809074402,0.9995092749595642,1.0000221729278564,1.0000221729278564,27487
YUSD Stablecoin USD,YUSD-USD,2023-10-08,0.9923359155654908,1.0258891582489014,0.9871336817741394,1.0110862255096436,1.0110862255096436,21
YUSD Stablecoin USD,YUSD-USD,2023-10-09,1.019162654876709,1.019162654876709,0.9759833812713623,0.9902888536453247,0.9902888536453247,12
